4690
5188
4726
90152
4777
4925
7704
92190
24744
6019
9631
87155
13954
8180
5519
195060
98077
87973
8441
91390
10142
93261
87245
7849
87107
6096
5297
58760
102913
5990
7442
89057
93220
7261
93098
5067
11751
86611
4753
88930
5698
7433
5381
86194
6090
92769
6793
91525
4655
84849
5183
4854
4715
91910
5231
188546
92144
100901
9418
6738
87351
7195
90177
11313
8438
5275
6038
90341
6928
8678
6543
86585
99931
5716
90083
83902
5229
7539
8078
13471
88783
87909
6712
94246
7387
5564
5619
6601
5536
5423
84509
93713
6476
4707
5837
4790
5506
6225
89605
5994
6111
9348
5805
88164
86492
92454
5045
93848
88577
90875
4627
5067
90271
7089
5052
5537
4645
91998
4994
6330
4520
88396
4869
5716
92458
7968
6101
5042
8865
5624
5536
5579
5529
87699
88803
89483
92374
5428
5216
5362
82357
88194
92649
95997
80503
4944
4919
91213
5324
4900
5131
5124
6720
4942
88021
92985
5506
87849
86123
101087
5144
4901
6070
5567
4661
6513
5217
85809
6112
5077
5100
88064
85854
5286
5891
4985
86969
94138
5560
5212
81837
5154
93037
4958
92894
5026
4942
88355
5257
92206
5874
82555
5109
4905
5459
87204
7253
6647
7060
5946
88969
81304
5418
85966
5983
5296
5486
5919
85511
91941
4964
6614
5240
6146
4965
5546
5187
6034
5561
4943
5154
89683
91334
87901
5645
5236
88154
5041
6075
5408
5060
88350
88515
5252
7674
93307
91969
4637
85753
89779
4496
4357
4491
4878
4813
4810
4471
5294
92590
94809
90560
5574
6546
86345
89503
6333
6024
4962
86840
5338
4917
5315
94208
84855
5040
8600
6857
5269
91907
7003
91513
6412
6773
5431
5610
6377
7288
5512
5086
91993
4920
94219
4847
4552
4710
88179
93291
5259
5282
96361
4780
94162
5360
4861
5203
85092
90183
6908
5173
8462
5596
8253
82279
9430
5883
92615
5968
80551
86086
6575
83054
7590
5332
9184
90665
83875
82387
6832
5649
4398
6910
95554
4985
86719
4721
4705
6416
90792
93116
92662
5506
88915
5279
92565
95009
89910
7575
6092
92423
7463
91770
86472
4925
5760
90966
5990
87057
8460
5836
7579
5025
4261
93944
91454
5992
4558
4864
4735
5933
84706
7165
5013
6119
92382
5780
4497
4766
97129
5043
6431
89781
93751
5495
5982
6102
8130
6170
8558
5177
92879
90801
86770
91735
5889
89614
76330
5667
90104
7129
87903
94382
5140
92022
6192
4971
4966
8063
85046
85029
4926
93767
92745
5639
4558
83232
93868
5026
6541
90306
5684
4907
8192
5453
6283
5503
8776
110334
5214
7297
5251
86172
7779
10122
5103
5934
87648
7619
5055
5601
88584
7644
92606
89897
5050
6259
93461
5079
5347
86464
88044
5003
89258
6280
91250
88464
83981
5533
4644
88597
5062
91744
92018
6406
4863
5981
4953
86798
7462
5178
5454
6300
86976
5233
5596
5509
5247
10301
5184
7411
90237
89643
6419
6307
5814
86615
89258
9370
8506
8723
5230
90921
5613
88306
6684
5666
8799
6350
4959
7948
5866
6013
88522
6667
5333
86394
5083
5479
8293
4915
9470
95832
91239
93022
87088
8050
5452
88716
5201
7801
8649
5834
6135
85803
6245
4770
5504
93431
90853
93996
4748
6964
4534
4933
4741
6296
5266
4811
93466
5699
89362
7359
89119
5504
87945
94695
93824
6783
91502
6829
5228
5146
7490
5970
6458
90712
7083
6078
5757
6418
5469
6450
86935
90952
6357
95929
5779
89660
5021
92562
6407
9196
8166
5180
5401
81178
92051
88255
5734
6770
5436
5178
6355
5494
97100
93511
93217
86338
87982
89179
5193
4846
7570
8593
6068
85705
5389
86763
88839
85678
91664
7549
6634
89211
7483
6786
7011
5353
88923
82370
7116
6040
86689
7107
7468
5957
5501
5191
88410
80023
84190
7266
7082
5609
5245
8686
9160
84799
5439
5932
6885
81006
88059
10131
6555
6671
5434
5797
17747
5003
7150
5271
5182
88045
5376
5632
88495
89051
6599
6954
90728
5304
86450
7232
93949
5202
6807
5733
8510
8044
6085
5492
87500
88386
6329
6555
5856
7335
5425
7910
6038
88543
94703
6067
5168
10278
85697
6907
7020
88593
7607
4751
5564
5712
86357
7366
83563
4840
82724
5289
13203
5975
89455
4671
7897
89218
87995
90087
5003
88843
7135
5990
88631
90792
85478
4908
4749
6569
7712
6125
87746
77298
98106
4873
89184
7763
89798
6117
84321
90100
6372
6105
7008
8496
5599
21492
90852
7747
88771
96269
86348
8845
84798
6567
84990
6742
8073
89567
5975
83953
5932
7792
13045
6828
95271
96917
8138
78483
12035
90602
85505
89101
5773
9109
12175
86791
10127
97211
4740
90577
6279
6696
6718
13880
87534
82499
4964
4188
81863
92555
8477
11543
88104
7214
6387
6420
9408
7204
4763
8043
89130
86787
5852
5524
77272
89190
94312
89043
85504
81404
93528
6045
7210
83561
5016
96994
87039
5594
82781
89110
14326
7287
86863
5759
95152
6293
14978
81720
93333
7947
81093
6393
89920
114923
97328
8078
4573
6227
6526
84926
88300
10074
92376
89127
5713
7962
92347
86008
5280
5328
5171
7655
5147
6431
6296
5673
4895
5283
5633
5635
10276
96345
92451
79259
88783
89457
10286
83136
85495
91069
5962
81531
5258
5440
4749
5877
94393
92192
5625
5856
6389
7574
91744
7767
6521
90809
8232
4633
5551
5534
94841
5508
92979
9503
9080
7877
7253
7101
92337
5069
6308
87324
5682
92230
92199
7374
12897
7633
8934
5249
6752
5203
90026
7524
91312
5527
5259
91480
9086
85901
6012
6754
94082
7104
5199
88870
86893
6391
6076
86054
7352
5798
10230
90172
5924
6925
91799
6051
6634
7207
92191
5492
5001
90892
4896
4543
90480
90395
90646
7626
5335
6444
6728
92464
88148
4974
7072
6601
5135
5399
4772
90344
89747
7152
87370
6587
95829
4972
5836
6928
87434
93649
4809
5044
4630
91160
4968
88455
5497
5051
92443
6924
87574
6160
89978
5740
7629
4940
4821
91411
91347
4905
8389
6750
78231
10238
5266
6389
91445
4602
86330
5876
88020
102992
5408
5350
90225
5757
85778
5764
7702
6927
7224
6012
89883
84666
5547
5005
86592
82233
95306
90606
93620
6327
5408
5476
6268
87847
5885
94868
4849
6541
5190
6289
82740
7757
5199
83253
5606
7376
6640
5108
5916
90077
8359
5407
5176
5134
7189
5167
6168
93270
8364
90120
6330
6573
90713
6491
5927
6110
5870
6021
5431
5262
11068
86054
9778
89853
4468
5151
5582
6227
4564
92926
92961
85513
4997
95651
6326
93446
7146
88917
6425
87664
88854
91364
5356
84383
8621
6062
93217
5056
4785
5215
4943
5523
6057
84884
94514
80736
6133
6388
11600
6010
5011
90279
4982
6153
10299
5404
5728
5338
81028
85213
86481
5849
91098
91298
82661
4772
86010
79674
92577
7242
4986
13289
4329
89637
90633
87215
91308
6630
90785
7703
87236
84192
4959
5837
6577
5167
87751
5664
87217
91570
4967
10911
88210
5479
5353
7622
89414
93880
5548
9705
183853
5928
83593
84251
5305
92226
5208
91847
89617
4722
87489
6250
87313
11371
91334
87655
91487
92934
89730
10440
89289
95871
6107
89447
8227
87971
6483
4512
7891
4490
87617
4972
4528
6450
92204
5966
18821
83270
5283
13812
82818
7030
6863
4902
86336
94072
5059
4770
90497
97151
100631
86298
88234
4916
7019
6990
6172
93353
8273
90846
94730
6228
90925
56938
92594
90809
86936
5364
6050
88479
6515
5994
87604
9392
88970
86885
5834
12709
96642
10207
88919
10867
74454
8963
15048
5907
7592
7607
4610
9216
89728
88435
7398
108200
8202
86200
100896
96759
4870
12734
7561
8179
10360
90123
7282
5667
9342
6731
5684
5199
88776
88694
90709
86360
7631
6133
4835
4446
4806
11935
88026
5855
91662
92398
80044
5944
91102
9339
5320
4903
82992
88542
6804
89127
4316
89605
88681
9034
96749
101841
5336
7217
8025
4339
7272
92392
15354
86958
87773
5632
90748
8513
86699
6266
7668
95236
91253
95112
94462
4790
10828
82552
6620
14337
87787
5430
4191
89147
6167
88757
4950
9177
6000
5448
94775
5083
4655
89223
91049
10754
93171
7473
10196
88368
88752
4365
95814
6332
5617
5176
90021
5325
10231
5371
85515
5123
4841
4908
6937
9886
4697
6347
9647
6318
90170
5796
6226
4915
8661
5999
90724
5809
10403
4481
7029
4961
4774
5083
89579
75123
6286
5493
90683
95873
5473
88380
85761
4793
87822
84864
5740
7939
87308
82030
85845
95832
75047
87072
9523
7468
10178
4659
6284
7114
85649
87231
9347
6467
7484
6366
95312
8410
12834
71237
87723
85155
87037
5594
11804
7815
4994
13549
93364
7456
5627
4344
4654
4735
84136
94400
5599
4828
90727
6266
8778
6000
5326
98041
185948
7294
86100
8175
7669
8730
81145
85651
12197
8310
4799
88990
91432
5853
8549
7326
4343
9049
92376
9804
86661
6020
5990
176320
11713
7607
5234
86205
9305
4853
87532
84595
7025
12795
6080
5708
5405
93030
95230
9551
5514
90375
86527
10899
86101
7665
13574
5397
9645
12573
6552
5829
85843
5812
8367
9546
4923
8200
77781
6151
94558
9053
85121
4833
81265
4881
9211
5932
85073
85543
9066
84065
9711
16292
81438
81224
84219
88962
12745
8848
5527
90874
5001
5106
87625
5415
5485
4453
85676
5074
6277
94951
8255
4854
88688
9533
92592
83786
5724
5876
5792
7336
5905
4812
94544
71559
93537
4700
4664
5954
6393
91131
6889
4781
5835
5327
83286
7236
8953
5863
11052
14980
4850
5117
93248
4500
96006
5486
6096
81701
10623
79613
6590
4614
4894
89945
7604
7741
88795
4931
4688
87716
93203
86515
90856
7058
97651
10478
4843
86223
90293
6919
87209
5023
6670
5549
86280
5607
4566
96926
10831
105427
5658
7359
6228
89960
8012
79603
7638
87316
88263
6469
5554
97870
10229
94561
89993
11695
80419
12523
18169
84970
8061
87929
88581
80441
8909
7175
85090
96352
15830
9545
81987
13826
8859
5557
8857
87123
8759
84621
83303
5944
85928
4823
4051
5054
5736
5238
5502
96222
12758
7727
4828
8288
4881
5403
85771
11880
4588
5002
9354
5959
82673
87597
91058
4442
94441
86781
71814
81191
90183
85384
5879
8573
14644
9470
5146
93403
13561
8011
87523
83355
5471
6366
7419
11209
92675
90424
5390
18737
6736
5086
14182
6272
94552
90719
92179
92554
83919
8166
6893
5493
9689
94884
5126
92958
5684
19679
6644
7756
80932
5329
14713
5773
11124
8996
81460
93593
85272
78007
4998
4517
7431
89150
6504
96417
7365
5976
6671
5403
4362
8311
85612
4562
5375
4192
7015
17373
6809
5535
10808
12299
6576
5029
100101
6455
11899
8322
85420
7024
7842
90695
86979
100644
10549
8191
4916
7192
87436
8128
8680
11479
5585
8127
89091
7830
89466
6709
93889
8086
82931
7512
87267
10626
91708
81455
94884
9929
5571
91074
4222
5572
8048
8972
6218
5453
86699
84096
10359
80856
9354
10647
8582
100168
84850
6873
88536
96265
5150
6183
84156
14705
84680
4654
9785
84140
4730
83269
6285
83955
4959
7245
4661
84536
4612
11844
12822
83996
85646
5215
10362
10024
85558
86177
91470
88627
7725
5539
5349
90701
88764
91328
6294
9418
4490
95605
89355
5842
8174
90338
6996
90288
58775
89749
81862
5510
8714
8753
7144
7159
6045
9793
4700
9645
6082
6529
4873
8378
86448
5320
5863
84944
4754
13416
4680
87995
89805
5651
7267
7304
6752
88336
95477
5969
88653
86971
88389
5194
88919
86909
11761
5820
86400
90596
10123
94561
7050
89829
7767
85071
10524
9222
4334
81374
4716
9591
4773
5789
85238
89063
9478
6350
87660
87952
5484
13193
12950
4898
83658
6493
7598
87105
14433
5887
90199
9246
15154
83572
78642
6894
7208
5348
91952
4815
87548
4478
83566
86646
80652
94819
87024
6559
7690
10029
5819
5832
5371
84165
4615
86852
4961
87651
12287
86745
86968
13384
7152
7083
5036
90324
7415
4784
5106
8987
10025
6082
4682
4580
11625
5859
11214
5233
9844
87746
6684
86754
4679
88055
93192
82768
5214
82597
83747
85465
5548
75604
5923
91086
6965
5744
6070
5081
5912
9181
6636
90553
77851
8640
81925
7699
91065
9854
6576
97855
88805
89008
13341
5494
86070
9113
6206
6450
5947
6304
95086
4280
5476
4593
95389
11892
89094
8331
7633
8364
87336
15178
6382
90973
5791
84880
5067
15552
95029
89949
92569
5092
5816
4950
87483
4693
85352
81161
8475
5799
8422
5410
89140
88931
88027
9514
86755
6861
4977
10547
7078
87173
92222
8641
16315
5849
6061
7081
4694
88853
6549
6259
6276
16487
10166
6249
85898
87250
10521
6235
5606
10994
4809
4832
93932
5365
5018
93282
8346
90268
87406
7045
4234
85909
4074
14574
5813
6841
10832
5090
4667
5310
5241
5152
87113
83915
4462
12878
12892
12073
99881
5609
4728
84907
90687
5496
9282
10229
92386
97072
6015
83449
99331
9859
90056
82325
91292
87928
90936
87364
10309
5880
5066
86359
7073
8835
4981
98886
89119
91778
5055
4651
82983
8194
87596
4870
85440
7314
88591
4993
6605
5658
6604
89889
5456
86169
85100
5795
91651
9771
8386
6400
4661
7340
88048
6432
90572
83031
4971
8912
8396
10346
82848
5695
185350
88726
7983
8702
5824
8938
7157
5594
85361
5403
13726
10074
7491
89222
14824
10138
6325
5188
11771
90712
92549
89933
84639
5505
85912
5099
86189
12407
85490
82612
5338
6721
9146
9857
7635
92868
11652
5118
5200
96585
5916
4503
6252
7874
88035
7918
4374
82353
86440
94596
6337
5295
83866
5998
4691
5238
7352
91953
6418
6848
5223
8509
87625
5228
7062
7875
7198
6122
6083
86674
11003
5270
5917
7828
89507
5216
92364
6735
88460
4907
94768
5192
5828
6547
6857
6923
86523
10962
5773
89575
4700
91599
5980
97292
4982
83437
6664
4595
89408
4931
4572
89893
63611
8015
56721
7670
9067
6783
6844
5936
95915
6603
5030
6487
9291
102648
91850
5236
88883
5168
7736
7186
88603
5362
12328
7715
6226
5476
88876
8301
85574
5633
4211
4814
8082
88203
86941
4250
5824
6352
7946
87511
6613
89282
15514
7740
89669
4608
92755
92299
8204
4582
4680
87048
4699
93362
10618
84584
4788
86747
7214
4996
86669
6716
6515
84840
86052
11757
85704
9247
86981
83607
78373
7194
10581
20670
80071
80556
7829
5965
10967
61518
75499
79201
11125
77339
42362
77728
78740
12937
69838
7059
16127
9185
92565
84690
4554
4982
4782
85607
87301
10327
4266
88139
93827
7003
88293
7152
5770
4649
17338
7234
5710
98060
89048
89917
88290
5802
6832
86977
89752
90110
5282
5276
89436
82430
80043
83323
8408
9853
8686
5633
6954
4458
86646
84947
7599
4248
4985
5807
6926
11744
5611
7172
10157
82760
5999
86642
5193
7938
85471
80778
6450
7419
85221
6102
87153
83630
12183
84425
9012
10056
6510
7506
10445
11124
66950
92638
90158
84837
87808
4708
88057
9687
8156
90713
6888
88049
4576
20260
14239
77944
11916
94149
7022
82072
86227
9079
85774
184640
6507
85643
10251
10005
96159
7385
13367
15271
85999
7428
5387
4952
83045
83456
6588
5130
4623
91480
8673
7341
91620
6449
86558
4429
94024
82769
90207
88633
89477
8482
14250
77252
5250
7429
83657
6853
74073
78647
90334
10215
87750
83140
6708
5740
11692
5987
6173
5006
4935
93194
87036
4508
5295
4501
6619
5211
6856
8926
93700
9250
94490
5348
87655
11515
7285
94614
5877
6583
9361
87782
6525
92256
89242
92195
83060
86096
79334
7933
6294
10674
93460
85179
6383
12583
85010
12812
7067
81940
7735
85031
85489
88781
91861
86331
82170
6046
6760
164560
82716
9168
94792
6596
93485
91773
97054
100150
5116
9760
88291
8203
8722
92080
88293
73333
8311
79773
93396
10389
72943
6217
6933
87061
87417
5740
4625
9499
7005
8638
105390
6661
6696
91665
88051
7145
5815
86721
84264
7222
5388
9637
92991
14584
6100
13210
6769
78769
78044
103293
94256
82797
6327
6179
87524
6096
8487
5290
8129
5978
4601
82553
6108
9135
5792
4814
6032
10119
7197
80319
22221
84275
7322
6436
9769
93008
15790
87306
74527
7440
81724
6860
6169
9267
7581
17565
85848
109301
7455
10599
87823
97163
9077
5599
71024
7001
90114
91642
7764
6344
12176
7478
84476
82132
6262
84909
185193
90866
87465
86627
95766
86995
9429
87412
8463
79638
91251
10968
86244
5886
87973
86861
82026
7639
6593
7282
86586
5819
5757
83807
82533
82100
9672
89086
9572
7976
73042
9235
10606
85525
88301
6417
7355
84822
8495
95611
7322
7349
87611
8084
6877
10696
80432
86474
83905
82731
23776
94448
78705
82627
95140
87824
73459
90796
9106
93763
98169
8336
10135
88463
83679
78512
86557
87993
9911
13395
96613
5706
5046
91718
82978
87100
8624
9645
179278
7330
87517
16341
16581
7228
7303
7309
4916
6833
6308
104571
6912
11527
82442
90825
11625
9799
76141
10463
8514
9319
8926
92387
93020
88339
11915
8412
8244
8871
11204
76458
64682
9447
105256
68847
108649
7957
9445
76911
7459
72044
86670
7255
70731
83924
86396
68145
45102
89042
9296
21145
7221
8324
78447
91048
75948
13321
13094
81192
78901
84452
85167
166192
96506
13647
46273
92695
11378
15565
9593
76422
49364
5001
90471
9371
88169
79336
83271
51892
96223
12483
13693
96667
9629
9627
65032
9509
74727
15147
28222
102761
77047
75907
73040
11009
7681
69958
9049
80945
94370
10239
76496
71197
74914
15745
7000
84703
77315
11083
8058
81867
8779
85345
78723
17222
92339
72192
82068
82745
10911
14891
10307
97563
96677
80570
8827
78955
89259
78099
80524
73742
95389
70405
7911
10478
8423
7542
106206
83072
80209
77566
34626
80780
8222
109018
81173
158907
18969
95367
77300
81999
83875
80448
7155
88239
86310
76331
12193
92759
21733
15949
105083
14053
9010
90972
89291
77129
79624
160178
7951
244436
87909
90490
80370
10954
11241
8070
86012
12922
10532
87602
7898
22019
85065
80806
88424
9773
78055
84474
98686
88175
123589
94296
180562
99702
87553
8773
88551
8046
4847
8069
91613
7782
4955
7629
87043
10444
11373
90433
72780
9838
5694
7639
84211
80342
79717
8189
87154
8023
6262
10839
92529
83732
73373
5349
9369
17950
81836
119679
95286
6483
7572
8498
11539
84702
81416
87318
80326
11393
74731
8681
14904
89741
6895
7019
6386
4856
86750
75677
9106
74340
75946
7364
97240
7220
5420
9405
14644
81217
88991
87392
99641
91080
13092
92835
11454
8134
82662
81646
81798
80067
83186
74816
90817
5594
95268
81272
86986
10023
102525
94043
5922
8955
9555
75366
39433
12904
80906
78056
9972
76013
83052
17838
7091
5884
4705
4569
77039
91098
6959
8121
5671
8082
87008
86891
6943
87493
83148
73053
78902
6194
5358
8940
99258
83169
76783
6001
103364
7561
10406
77955
6144
102510
7792
81258
91659
81568
7018
5886
5737
89771
5376
5748
179282
83904
5365
7139
8523
8292
9069
82667
8632
67642
5243
85807
81627
86704
89028
5157
6253
89650
7540
84820
88758
85230
81711
80782
71541
81429
12529
7281
5733
85063
91969
77098
4702
6148
8768
88658
7500
5999
7616
81157
100024
78810
17368
76340
80393
5500
5850
77943
11838
6399
6766
6054
5001
87466
7065
7733
84228
101608
30710
5522
79039
16038
8350
84294
92793
6637
11608
7481
10842
9087
8855
80287
6888
76225
7793
89417
94116
7128
79513
12502
80639
80376
6336
7137
79099
74619
84140
80256
75417
87370
6042
7476
85624
20861
76868
71152
6785
10250
81928
179381
6767
9528
8146
9038
7989
8313
14290
11854
6279
6946
86880
7627
6377
7094
10413
85521
6117
49140
14481
5958
93686
9179
83094
97538
16331
17643
96751
101992
8445
13230
86481
91622
82160
8444
9956
91028
89255
5665
84577
82768
86089
71781
85326
10316
6428
77481
4902
90184
8980
99485
83420
81308
6649
5149
86285
5728
5046
4383
6629
6892
90492
74582
103377
89924
84801
6955
6673
87602
78272
79434
10705
6338
76717
6732
10384
7124
6492
85296
67707
7847
81321
7575
5935
7224
4505
79916
76495
16934
7671
81354
11137
78024
82305
86666
83922
5893
6615
82582
8855
85386
12508
11475
191135
7133
6491
14652
9505
8072
90624
108614
89332
8711
72484
96528
13823
81711
7506
91752
5374
94079
86190
5678
84407
87793
5841
86158
75047
81136
89006
7988
8682
85300
8009
10081
109186
87204
5580
83031
6475
89637
10788
5324
8341
92495
77297
116178
89259
6705
10439
88198
8214
9800
14505
83610
87399
5070
7872
8061
6828
82012
10463
14929
9270
89118
6848
5100
72391
8447
113470
87177
4913
5430
79689
7878
13123
8560
5208
79354
4758
6419
77723
6781
6426
93514
82316
78870
73659
5430
6155
81630
78108
4758
87771
65320
5626
6877
8036
89522
10489
9782
6455
7971
5656
88202
6179
91275
6214
4946
4768
89059
89202
7527
6243
107765
5378
95059
5793
13199
6256
84310
5241
5450
56780
6350
86749
84856
4311
7257
6479
84163
88262
80986
7332
84612
6043
86919
5272
7093
87092
93562
7864
81229
6740
4966
88543
5778
81743
80326
90802
11473
79854
12399
5447
91410
79456
81615
4571
84952
92886
6453
4729
91107
84594
15120
91329
94714
6809
94473
5367
14452
7386
86525
5608
5190
9778
5737
5567
91853
10000
4347
12239
92740
7952
5844
87936
85215
87165
81754
14009
85824
7154
7264
91656
6782
91902
89206
91062
5588
92954
85055
5347
8318
6099
5732
84520
88155
4851
5341
96896
5062
5185
6592
16671
5922
95332
100909
191372
86706
13810
80632
86316
10454
64241
6368
9470
94911
6855
5439
7132
4717
10640
5273
4483
4880
8291
5872
83726
7710
83319
5360
4683
8681
91763
95498
85185
83955
6770
89955
6235
93134
86292
6531
7987
91265
9126
10259
7429
11034
88797
82141
7871
89538
86450
10826
85140
6327
79350
92084
6532
7845
11166
6514
12590
81784
4744
95721
11012
5957
94053
87489
5108
93831
7469
6252
97651
94451
6013
5185
5044
8090
6293
5135
5084
8137
5131
15104
81841
7271
4911
8261
6073
100740
88085
11035
5259
8569
8302
6746
7167
7034
88981
87557
12794
88083
83677
79237
185247
88351
89424
88069
192082
9126
5363
5071
93629
11690
96780
90705
91759
5423
4865
84511
6243
9699
83398
7704
181998
93061
85925
90742
84392
7491
52149
5898
12887
88699
4935
7964
90970
5136
4747
6199
8422
4288
5805
7676
7843
85770
4846
88580
9602
74194
9637
7921
5188
90837
174984
91671
5414
10999
94150
7531
6755
5552
5888
89697
6053
88704
86320
86039
6477
6683
88226
88976
89150
8511
7270
9851
6593
84432
4481
4320
10286
88391
83562
5964
5579
5563
84227
6066
95131
10523
88180
90488
7318
96757
11469
5613
7227
10303
10404
89781
89178
5640
91642
7716
83576
88615
82831
6262
5710
4695
89172
94069
12138
10648
11364
96829
6969
7380
6621
4979
5257
87566
6993
90380
5703
97818
83769
82647
6172
6410
4900
4545
91776
86920
90902
5158
5777
4725
90551
5001
5074
91083
81732
101329
5882
5990
89803
93113
72406
4850
4785
9748
5653
19309
6853
4641
5254
93500
8132
7681
5839
86141
4553
82752
5165
5097
89957
12558
5113
6131
5089
4689
7386
88215
86252
4999
89603
88247
20030
97186
88320
4738
4271
8704
5557
5868
11175
91189
92595
83281
4402
10751
85131
7310
82450
83831
6082
10306
4984
86234
6607
4289
6862
4685
5294
85091
83328
5861
5534
8343
5563
6261
4898
178980
86368
8967
6831
85539
7404
6617
6063
8228
10395
5390
89986
87893
91396
5612
88013
97630
4639
4887
88134
5201
5954
92315
8818
83767
5822
6145
10899
9962
6195
83876
5149
7110
7770
6806
7444
91339
86283
4768
9032
9373
4745
5555
88057
9982
7259
87756
5724
6180
5819
5968
5942
85805
5473
92235
82563
5200
4472
6091
99126
8694
89654
6892
101193
88627
88134
90592
4592
88257
4585
10188
83274
5293
4723
7115
6005
6740
6305
89554
93287
70465
4965
84660
6557
94277
90770
5080
4928
9817
8003
5451
90112
82376
86216
11148
77575
5127
96456
5557
4336
4561
11151
85533
7412
6079
4946
4608
5057
4681
5796
5012
94118
85133
7103
7072
85483
5016
88978
9773
6006
5232
7735
83245
6492
8360
4683
7317
82923
4785
7714
95752
5645
7968
91790
10067
6812
91129
86989
5502
5883
8121
4856
91334
11024
5089
10647
6486
94770
5403
85637
7312
9295
7594
85558
6805
5586
5663
88300
7369
94243
88193
6805
6293
11285
7512
4559
86238
5451
88462
10027
91052
88500
12116
93261
5224
5143
89733
4838
92622
11814
8271
92024
5730
5334
99946
13362
4687
4968
87027
6266
4661
8310
6863
6877
6929
85681
6687
81889
84880
6023
8827
8315
9845
4795
5216
82525
5950
84906
79255
5726
5492
7156
5384
11278
82970
8317
6945
6144
14864
93146
89467
93667
9622
10152
4325
5110
4850
4807
4944
90098
4876
91044
7666
85505
6009
5827
86199
4923
4783
86047
5825
6369
5638
87584
90528
5084
6954
5673
92049
6948
8402
5124
89039
4858
86089
7388
89331
82530
9383
5304
83777
5039
8528
4916
7826
4877
5397
4912
5037
7330
6414
89248
4860
6892
88708
90136
87704
5294
100423
8267
9274
5142
92230
87117
4625
5187
92412
4908
89781
5303
7812
88278
84539
87318
4569
10211
4788
5213
5963
4510
7325
8320
93018
87457
4541
4992
85873
6260
89969
85879
9752
13499
11178
94765
9161
86174
5802
90332
5220
9037
88111
101123
84664
6236
75084
81491
73081
7808
4880
7831
88375
5478
92441
83704
6430
6456
4852
5547
5720
5155
6860
5019
94885
9051
5630
88639
89241
5321
84283
7003
93193
5995
5086
91405
5807
89424
5524
6892
5048
88622
85303
4564
5903
5866
89511
7331
5536
5059
86864
9739
4804
6019
4716
8543
6536
5696
82874
7020
90090
6094
83643
5243
86201
100532
81321
87330
40964
12534
4710
89944
89401
185952
84478
99763
90865
86048
90188
4792
4452
4705
5079
11782
9587
85454
4960
88498
8105
5167
85646
86019
6157
93149
9603
9540
83304
84371
6768
10514
8134
4738
6296
4660
89438
5680
8775
6861
8919
5387
6295
89700
84705
8364
86705
83896
6309
4976
10509
94363
6116
4954
71509
89428
79967
8278
13596
81819
13352
7525
8606
5817
83845
5732
86668
8930
91912
86536
7685
87359
8030
5760
89146
6240
8677
90515
4960
5739
87311
94857
82672
5071
7080
5568
4727
85620
4636
8094
8513
91425
87121
13308
80122
92225
4919
10931
78765
4895
90266
6322
91032
89216
85647
92208
93043
7521
9050
4951
5678
4718
96088
84587
5046
5480
83077
91682
4677
83857
4692
88611
4661
9788
92763
81821
4825
6485
5080
4755
5531
5038
4985
87358
6526
11202
86436
91230
93193
5295
5243
87881
9867
6770
94197
89667
86861
7359
86385
79876
5023
87544
86882
13337
5417
88821
84379
6017
86511
5342
5690
5329
5885
6444
9636
93157
89046
7182
84423
86062
7706
7794
12996
4771
9596
96794
7009
6294
14489
4558
87583
5546
5443
93193
5380
4640
84789
5814
4279
6260
8827
18124
11441
6901
86486
78266
6734
191155
100199
6152
82507
90553
82373
5395
4646
85338
84357
7329
5804
4776
6492
90635
5950
94463
86604
4544
94023
6319
82831
4810
6223
9311
8337
5397
10904
13044
89322
90147
6450
6725
5449
89593
5119
5705
6361
5818
6569
7542
96920
7320
6999
6721
5923
91640
4128
85648
4535
91092
5862
4680
91587
7294
87026
85483
88283
87762
84827
4921
84001
95134
5539
94064
5313
10095
5850
89559
4502
5396
5092
5492
91929
5941
85073
95921
5528
5052
86321
88295
5870
5508
6810
5119
5585
88790
5963
8673
94963
5524
7298
9519
89812
5929
4933
86715
86437
4986
6001
4969
98031
6115
8989
7619
6269
5571
5886
91249
94009
4701
6230
6526
93143
5792
5045
87677
9055
9294
10012
86757
6863
4850
84720
84359
9711
94517
5677
8591
8678
89361
8781
11773
5124
6048
5714
4816
85265
4721
8265
89051
92925
6058
86849
93043
9895
4456
7789
7070
92684
89608
4923
85757
6888
6421
5152
94449
7574
93331
11991
95601
4901
95766
88554
4330
87253
90245
91542
7533
95014
82671
89213
4589
96285
6618
5246
85048
13348
9689
90607
11771
8192
4456
102662
7883
98343
91291
12028
10150
9990
6450
7161
7112
78203
93116
83903
85413
95238
12923
6212
4674
87940
6665
10279
92652
91015
7173
87155
6381
51037
88238
91214
4493
5307
97601
88421
9265
96440
4931
11504
12304
8180
88349
78962
89442
9270
83108
8421
27143
7872
12448
98761
86585
87210
7771
92224
5846
96403
5397
10500
6401
88062
6513
11741
82006
5347
6262
12981
13100
6780
6983
87591
89610
101178
5986
175463
10592
4984
6950
8827
91548
8691
100169
4414
5146
5331
92045
5176
6699
82858
5248
93787
89698
6196
84990
6046
5024
4653
11388
63340
94694
81020
7473
91367
93324
86235
5916
81777
90951
98222
7645
5976
9067
190155
5643
98039
51060
4800
87895
5202
90841
87458
5741
8785
90206
5144
89769
4927
97863
11190
91051
5359
5530
9519
4871
77448
91400
83691
95235
4976
89703
6043
86219
92871
94423
96079
6054
91554
80273
4897
10321
90882
5737
11815
5491
9878
5844
88738
88588
4604
8985
5456
9817
6194
6206
89943
86067
85264
86996
89791
5837
9967
10047
90240
12090
89331
39018
5709
6872
8769
9130
8137
12599
8160
6382
85056
85386
6387
6558
9760
90217
92280
80353
14209
75388
89368
83093
6065
85162
82650
4637
88759
6245
5810
4757
10822
7828
82546
87706
91227
84388
5606
6215
90416
93662
82033
8744
90339
7198
5811
5487
97624
5238
6766
6153
4847
5069
5390
4693
4952
6543
90820
9935
4936
89923
4657
9796
92793
7409
5444
5596
10121
7906
11018
94513
4690
46133
8399
92824
9529
10785
5351
87950
11557
11059
94540
7922
4857
96138
9691
6451
85185
84352
5028
5596
86039
86216
90750
5625
8116
9417
5405
6139
5240
6008
88485
82532
93884
5364
93751
5440
4539
8232
92519
14620
7133
88107
6651
92645
5130
88036
83146
8166
8906
5465
12101
110256
93731
5627
91681
89393
5724
7937
5591
11076
79771
4766
10513
5757
82534
6844
5806
89599
6222
5481
90035
91114
5982
5583
7916
5882
86356
6474
86806
8184
86997
86385
6032
5057
5035
7173
6744
6021
91417
6038
86962
89282
96690
6430
94829
83960
4536
6578
89307
8217
93380
82850
5844
82906
5934
4414
90200
5193
82739
4711
4919
88245
6816
12298
90895
7600
8827
4563
91174
10194
8505
6287
90779
89381
4990
84151
10890
89292
87409
10760
4909
92063
86362
6306
6448
4789
8314
7053
4457
12315
91169
5604
101396
8482
4198
87518
90341
88797
8020
88457
4724
81876
81097
83048
87561
11054
4980
86089
6842
99433
7358
5539
93223
10856
4814
5625
8276
10266
6211
84352
83833
83037
94171
10820
4810
92059
9270
91415
4715
89996
6904
5141
5338
8516
5259
5940
5099
83834
5617
6535
15202
8777
81046
4838
8945
6807
7227
4969
83747
4709
86678
94553
89277
80936
85614
89338
6881
6506
88246
8608
85796
4984
5778
5583
89838
18511
4453
8660
88590
4723
9746
77924
5827
8312
4703
83390
6561
5167
5011
92026
5174
4926
82029
5235
5921
80949
6924
9816
89848
7932
8842
4528
5855
14821
90074
96639
94996
5230
109871
18044
79549
116594
5805
4452
7884
9315
83879
76549
8401
6720
91816
5280
8751
86858
5593
10841
99252
88877
7267
90747
75216
93534
12897
95861
6885
89033
7505
78710
184092
5391
93147
5893
87431
80235
101198
75955
4923
5307
91568
88555
4918
90635
5080
4952
99842
82573
6655
84343
5146
4873
6264
86019
88564
4803
7466
89819
83618
9185
96343
84611
7636
92820
4720
8497
6275
95015
89185
4527
9491
4721
87363
12079
4492
84459
8742
95418
77822
101511
93852
5566
89880
5999
175074
5960
4543
80519
85618
12082
99226
88341
96829
85065
26343
18761
70357
89163
81722
98122
6398
5140
8822
84918
94306
5960
89591
88269
4622
10987
82634
14569
104870
84487
88514
98513
5643
99181
15627
86813
97479
4674
86394
5497
92201
6593
5942
4714
10379
10741
6346
84824
87674
5047
5921
82848
4909
93623
8698
84897
88240
97114
5976
5035
83609
88729
4931
5080
90136
82105
5603
95080
4337
9366
180835
5934
4578
87952
82926
5065
4683
4711
6358
87364
85247
86295
5689
4866
90133
4543
91573
6057
12483
89394
7854
5036
4405
6213
5757
87477
8608
14691
82124
5703
92220
5665
91257
8052
85284
94403
89876
4942
85049
11640
83465
8982
4670
79815
9457
87017
92631
5614
8526
93457
8910
95002
4934
4906
5364
88281
92047
87636
4162
89944
4498
90896
4965
6360
5566
82570
83422
92640
6700
85391
4787
6962
5066
11852
91306
85195
89297
84710
6274
84949
6052
87881
5674
8708
94673
5296
7473
86439
9561
4702
93295
89332
5502
85172
6953
92494
8314
4992
5610
85818
8680
6279
5761
4529
8812
189001
5675
89732
83966
9855
5868
6615
5677
87447
91996
5750
87862
5028
88796
7798
13007
66976
80575
5608
5994
5829
4917
7537
4299
86684
11058
89324
11221
4515
8558
88341
83474
5146
5399
85358
94269
7636
6463
5761
84598
83309
12117
79664
5101
7048
73603
5312
6485
15798
5328
7015
9394
95339
83654
4424
71003
88970
94823
6009
5314
88301
91946
4424
4949
84136
89642
6635
5051
94873
9158
5071
4994
90384
84649
84665
11963
4449
5218
90800
6696
6004
89179
6844
4786
4908
5648
4582
99817
88429
89230
5227
93388
88736
4983
85762
5651
10711
6020
90214
6639
5869
87771
6166
5781
5150
6171
7424
5393
92106
107581
77599
4863
90962
5526
7892
5943
75225
89875
4571
95452
86944
11062
5757
6072
4779
10247
6384
99018
10204
88832
85182
83211
6792
80328
83949
93577
88400
6014
97245
8150
6047
89618
81183
6568
85875
6771
12455
6235
6737
5182
5412
5184
18376
5202
83713
8347
5206
105163
76065
94295
12602
7701
4437
4673
99331
9885
4807
6471
6294
7161
4922
10056
9182
6208
6714
96639
6417
7198
5767
90002
4972
86700
82847
82430
7664
10945
91002
8748
86778
4605
88413
6368
91319
5251
5291
4602
5129
5358
6222
90585
86678
6802
6595
89902
6565
84785
81206
4568
4447
92989
93747
7188
5835
7062
6216
5147
5874
12896
85194
5084
6268
10042
4686
10588
8206
10265
87005
6176
5875
98679
5493
90000
5915
7420
5386
86056
5990
5294
6920
7831
5047
4673
6817
4412
86941
4457
7413
7906
102622
5796
7641
96479
86817
4190
86654
80012
5859
4927
183573
95229
5416
86242
5433
6972
8031
7304
5391
96915
99566
88876
5351
87409
8112
4944
88254
94258
5669
5324
95397
95815
5318
91976
4653
5746
5291
9661
10254
7077
4673
91321
6251
7666
5787
85394
7289
89113
4579
5490
86071
4970
8246
87986
6682
102407
6262
7502
9138
84662
79220
102346
83989
6216
8867
5072
4801
5974
91356
5361
5954
88111
6284
8269
89281
83723
5745
51888
84815
7559
4859
92469
83340
83920
88113
91890
4777
14638
6306
90403
5402
4706
86549
5127
5113
4722
12762
81267
10874
90147
182121
102409
9780
10031
7569
6223
91122
4989
7122
10925
80978
4612
5174
4664
56789
5087
9742
72387
85053
6535
63535
4690
88624
156941
4909
4870
95644
81374
91779
87345
98142
6416
4466
5521
6248
93865
53068
85229
82662
6485
94526
6271
88348
6556
86812
85658
5685
99380
66062
5932
5969
7061
89549
8354
7601
6880
93836
34730
174761
6961
7030
96008
189940
11459
4731
5427
87262
4635
84969
83002
4739
84543
87009
94064
90527
9827
4474
4832
8779
83440
6055
8289
4414
78526
5002
6714
7400
81883
7161
12182
83448
5388
104236
5597
91435
5159
86769
5902
5446
91191
4763
6629
5798
84411
88094
4605
94623
6518
74427
9389
94622
5733
5800
6332
7870
86872
82875
6427
5194
98667
5508
97786
5400
9659
96544
5453
6149
8434
4700
4816
91314
8192
4419
5737
82670
5107
93554
92995
96757
16714
4523
4458
85000
89731
78346
6239
83904
90327
9873
85816
5134
5360
8778
83860
5773
89850
5956
7558
5997
5858
9405
6113
15603
91149
83341
8598
5592
9464
4670
5073
3930
83552
9593
4545
13861
6630
9653
92548
86457
85458
91873
7868
88370
6125
4601
88605
4318
4826
83401
96703
9862
85201
88616
83176
7044
6895
84649
87388
6099
97434
7941
7205
6157
4862
88652
4630
11084
6318
87586
88981
6039
4896
4713
8544
7390
5085
10941
5937
5344
4752
5298
10681
88005
88256
6345
7549
5631
11570
76427
12344
4982
9262
5152
4853
4219
4579
90541
5292
85564
91522
5136
5284
5914
7120
12133
8670
88584
8174
88147
83329
93901
91443
91173
4493
7328
86237
4667
8031
4246
6840
87006
5727
4349
4694
94054
6158
5712
6221
4600
90383
83973
88252
8232
5141
4837
5555
87213
6700
4759
6898
84611
6897
11336
9140
5732
6942
85123
86792
5875
6398
9941
94132
86441
9767
9128
4542
87888
11283
5407
11624
8002
8990
90032
6679
86639
88887
88147
4956
6052
7561
11027
6388
4619
92261
4906
96232
4471
9275
87538
4871
85336
5288
8463
5682
90756
7403
7457
10890
87810
4704
87587
5166
88075
4638
82376
89581
9125
10105
6243
7539
8223
9228
5906
6569
6197
7388
15062
5098
92766
9918
7090
9912
7309
9377
11432
84929
5114
5290
5051
5162
5001
6386
8904
89878
90252
92199
6896
7826
6347
6543
6427
4920
5183
88631
87316
6619
4742
9327
88141
85595
11079
7903
10140
5958
5054
4934
6480
4363
84540
4426
93960
4861
4690
5438
102039
4558
4701
8114
6361
6559
8914
85985
5188
86923
5335
4621
80882
90644
8399
86504
90647
4878
5676
95279
96733
84238
92296
5071
95692
5375
90987
84660
6866
4465
10336
9457
5368
79915
6203
91782
79607
5892
8111
4591
91239
5069
82417
5008
83040
81616
86268
4136
7384
5853
90434
5532
88746
4992
4855
84251
6009
4938
86829
5239
8769
4362
11562
78421
87212
87268
7217
9776
7214
5644
91502
5381
7601
85012
76304
4903
5259
4968
95114
6040
89227
92172
8679
98501
5291
80553
84395
83400
92330
92673
89787
5111
6497
6304
6312
4191
4628
13585
5146
89273
5990
4843
5033
83586
4960
4766
12665
4987
87674
87215
4758
84153
7159
4832
4961
88303
6123
6891
86056
5299
9395
8109
11178
98584
92686
6430
5054
97940
82494
5095
85265
5277
91439
5202
90253
4721
5943
5320
6713
6775
8461
7251
13084
7347
6755
80205
92804
5677
18907
5374
86069
4932
6867
99095
9676
5746
4559
4806
88985
87882
83926
6474
95491
4192
6688
5249
95972
6782
92969
4568
4322
8950
6847
4808
4855
85080
91002
89215
4879
4620
7757
90868
7017
87728
9849
5089
4683
7176
4725
11374
82988
83904
6800
5444
94066
4986
4424
7087
87977
9633
81320
5266
85016
5876
8978
7070
8793
10782
5374
86685
96601
4522
6096
5005
86926
4738
82641
89853
93282
6591
6791
86794
10057
88306
6452
5902
80015
7930
89867
9325
86130
9717
90021
8302
4864
11029
9411
6949
14722
5722
87222
5925
83245
87404
87224
88292
12869
92562
7016
9096
80644
8299
9613
9666
7161
7686
92321
85965
7390
99879
10819
6609
6797
6484
83605
10491
88811
83633
91106
5421
7448
5080
8223
67283
87122
97548
89409
89837
6619
5376
9068
89818
18243
6070
85971
87527
80899
93030
43006
5055
91737
7250
86190
95940
8981
81198
5639
89360
6381
8601
5297
5489
7044
103109
95257
4947
4864
4605
84846
4751
5913
11236
5476
7130
7917
6756
6402
4983
5937
5648
89407
5062
5066
87863
10550
12246
6443
10979
8969
5636
9292
90874
87946
7521
85763
87118
89407
14501
82991
88816
6775
5762
5278
100111
87914
6838
5011
8044
7317
93622
8300
6734
7052
5037
84887
89022
12152
7939
5614
9959
82797
10534
4966
6108
91096
85463
11038
92946
5944
8938
9523
4513
8582
82637
12180
12980
6653
5597
10354
8091
7012
9294
7136
6862
9338
89465
8679
6638
9481
87733
13012
6465
90022
6475
87203
10231
84065
9568
9689
90227
83369
5734
8338
91257
94812
6319
86585
10901
7368
8949
93759
87614
5460
11797
4999
6992
94618
85471
93730
86297
4405
6784
80614
90770
8387
8810
6719
9275
86402
7859
5200
5551
6267
99494
11921
5183
15980
89592
5045
6238
84783
7031
6780
4661
94901
5948
8081
6489
87616
5196
81914
5955
86866
84157
7108
8998
8714
89273
6944
84221
6952
7423
84547
7730
9410
14104
8312
8544
87171
4485
9585
7792
7228
6993
91174
93117
9160
8439
7241
91159
91753
87593
7193
85641
6477
10377
92512
6866
77883
5594
88890
84790
11681
91963
90136
12189
94114
7174
5537
5737
8395
8880
96156
90710
11267
96409
7210
9909
89507
99800
6046
5616
86330
5448
86220
10796
87756
82798
5925
5289
7143
11636
89896
97080
6949
87085
9145
5569
87378
5081
94479
6266
86829
89991
87390
7213
85704
8701
83180
96066
91408
90828
7905
9145
7274
8720
11117
96062
88585
6057
89832
90475
8416
93033
6661
81561
85267
90169
98877
5835
11748
4588
84994
86297
94558
7537
98490
6465
9867
5838
6726
88948
82690
6254
10380
11059
6959
84017
5139
83580
89599
4823
80595
7427
5272
8061
7695
85679
94449
107875
5339
94730
7053
84204
7100
87705
4590
83981
85800
89911
5683
5873
84497
6453
96851
7169
6675
9490
90747
104177
6780
6520
8908
68630
4399
6661
73695
104162
6671
7801
84355
4907
7928
8133
83204
4730
7127
10199
88429
7467
9039
7770
86917
88556
6296
6242
83590
9352
80434
7826
5996
6558
10665
89974
7551
4923
83807
81231
84882
86561
96971
5916
93072
96035
81268
9287
86521
89627
87874
84111
9680
45145
5473
8949
87495
4405
4928
6099
5034
91121
86644
6438
7377
84485
92172
8968
83040
6884
6510
96875
5482
4664
86675
9046
89326
15810
79297
93606
6147
8093
86439
83170
5351
4207
7344
7452
8152
4920
90565
85220
4929
74283
9308
88810
82574
89187
95616
7825
6549
4987
4967
13273
6850
83535
6515
6692
4298
10203
88219
90962
5599
4602
6249
91770
30611
84838
84064
85903
91292
4750
4389
95513
89599
5389
93834
10265
5040
6784
8619
6558
5690
5603
4307
5573
98539
5459
80359
12906
13036
7209
87836
82373
5141
4366
9718
86619
80750
78066
8546
8165
9219
5551
10049
4404
6469
4490
89032
6102
5075
88909
9156
4916
82576
87120
86101
10115
11099
81541
4948
6001
4584
8256
90125
5099
7176
85515
82329
81272
4545
83404
9451
81210
10651
9902
86200
8088
12815
8764
90524
11993
6484
5154
7020
89737
6124
91789
6108
177879
7703
7710
94326
11514
92384
4643
84187
5245
10153
7404
6537
93733
85233
5268
5409
10578
84229
7901
8146
5845
84345
4901
5458
84181
92781
8841
4414
91792
84075
14193
5150
10659
7462
10315
85909
78247
5691
4380
7831
5035
81568
7022
5225
84755
80045
5490
5574
13889
6154
98818
7663
93430
88922
92677
88576
4579
9766
90215
5608
10120
94686
6186
5356
4697
5094
86163
85520
91803
8046
9584
86173
4871
86105
7670
13835
79983
10747
6699
91776
7462
81971
91886
7387
83238
80515
7542
10084
9770
6094
8581
85959
8735
83375
91299
79869
5876
72023
103784
95526
86589
78638
11045
7451
6980
181815
83885
90738
7207
79691
84410
11360
5956
9415
5225
4760
8023
5846
7477
87061
6147
87967
12196
12372
83958
6487
96703
79630
5989
87168
6911
6289
81166
6911
6319
5812
11276
5020
7587
11074
5262
10605
84417
4910
4750
115047
78287
5863
6517
9812
4866
4481
10163
88176
7137
77298
8132
84135
5397
9107
7037
6048
5229
84315
4931
5698
9057
9951
92858
7141
8577
13743
7318
5236
12610
12232
5424
8876
88970
92486
6702
84045
5325
5103
84805
6267
6000
5618
88080
90044
5636
97704
4862
4748
83602
6668
5238
4796
88002
4973
79684
5201
4860
12841
92833
4874
5164
7003
6217
96035
6287
87460
92045
12363
6604
9030
5649
83614
15543
8026
4955
5034
89152
4965
8544
4909
12511
7358
86216
6297
86032
4675
12909
8802
7032
4714
14570
88273
88679
10922
15517
4449
7628
93102
84269
8829
4660
85739
91580
4670
6884
4680
5110
7835
9562
5599
95923
5589
89244
92833
89805
92116
80925
93490
92875
86025
6336
5347
93469
6881
6462
7791
80128
84736
5981
5038
5386
89423
5390
92331
5644
6970
87583
91263
5041
83560
87170
5011
93059
4146
4491
6850
7204
88260
89806
6035
7014
4631
86271
85005
91772
6994
7476
5556
13917
6345
82813
7502
89667
96940
82894
99959
78270
5802
5545
8001
4935
5160
6542
5004
89624
85940
4784
90213
7412
88089
8118
6641
5647
84431
6860
4804
91605
5092
10037
90417
89999
90350
5053
4809
85184
5648
85511
86023
4997
7228
5835
4317
81094
6055
89624
8959
6110
5581
88128
83883
87020
7064
4233
92099
84527
4462
4614
19579
5041
6363
100979
88730
6016
93790
94628
80908
5690
11153
6327
83025
92727
89797
90529
7163
5038
7020
98669
5730
85324
85617
6340
8015
6715
5844
4553
7823
4447
71879
88367
9781
6305
85767
87907
5298
89798
86162
4729
98487
89271
83629
5594
5274
90773
94304
89595
4728
93416
89996
94247
87159
8263
4847
84101
11522
10474
81809
4684
9082
6667
6353
86607
5059
7156
5430
5190
85232
7454
4795
4994
88054
86374
92618
4670
10694
9527
13069
5489
9283
5016
5087
7412
6976
81266
5842
85623
91570
84399
5507
98289
9340
88622
5184
6524
86883
89073
86763
89757
84115
93087
5095
82559
4734
94429
7052
4698
7484
89580
4572
9081
93021
81984
6547
7449
9962
184331
81756
5729
7906
6961
12878
83784
86755
98751
87356
8962
8277
6041
8547
6913
4985
6550
5266
6676
5471
4877
87010
5826
6226
5056
7787
10392
5114
86256
4900
86086
4897
9580
10399
6633
7095
85384
88024
7070
14245
94190
90330
90731
5109
84667
7037
90372
4820
82810
6637
5463
84567
7611
5732
12601
9776
7675
10436
7971
5496
93015
8482
9066
88568
6007
5100
87532
4765
4610
4429
4748
100121
5063
5287
10010
10276
5308
91315
6040
6312
6878
5881
8977
91053
18201
89701
5400
6309
5968
89444
5270
5142
9331
6270
87263
86329
90796
5859
10751
97900
86614
4563
6718
87271
6283
85599
94038
93833
6216
4849
9233
5464
87543
93403
93475
83374
89990
9240
5056
84860
9757
8777
88564
6781
4257
5436
6272
4580
10697
4901
4734
5242
9249
6945
5643
5580
85862
89881
11018
12706
13333
8171
83913
86605
88076
85919
8264
7616
86647
11328
87162
95505
4710
6144
93418
87427
6644
88630
5929
7028
86368
88052
11415
5574
80806
88502
5676
5537
90379
90339
10797
8377
11265
6350
91411
7861
182869
8982
4303
5643
83493
5002
96584
7172
7288
5574
6096
92694
6126
5185
86846
82545
84025
4867
8999
89717
89047
5307
5461
90271
77329
9482
91962
12722
5639
6473
86883
7454
5054
4862
15572
8736
5003
7659
86758
7109
11046
6877
84176
94936
87291
91412
9576
6681
87526
85611
82013
88305
8601
84529
88346
4769
4672
6001
8718
5706
85722
4685
7279
7132
6033
94109
9462
6266
5923
9718
5592
6380
11031
8957
7862
12865
5631
79957
69165
10838
5647
5109
89698
4736
94119
5317
6976
5801
84392
7949
4926
79125
6974
90592
90940
11390
11588
87251
9996
6492
7636
6109
88103
8335
16655
8012
6156
5331
5181
87589
77944
7793
83374
17960
5287
85568
85119
4675
5827
96753
5461
13893
7148
90135
83542
8059
87252
89468
7723
5054
81911
6064
6349
91136
9676
85782
98282
7042
6411
84565
6684
90250
6823
4984
92839
7723
88565
4640
88399
5868
5307
7877
6971
6589
91314
32400
6665
11432
5616
84962
87588
9222
8501
10623
6533
91888
88091
15845
90239
85565
6560
7024
4436
5738
8153
84475
7729
90365
7214
5196
8297
89703
5144
6500
93571
7285
87566
5101
5518
88866
84061
80409
91292
6449
5663
4782
88104
5253
10373
4312
5121
95532
6394
5172
4757
85754
5532
4895
5582
88386
4863
5890
79969
90406
92028
10613
90079
65864
8810
90644
90770
64142
8418
95979
8000
7517
89076
90184
80485
6447
5695
81228
12273
6609
8511
95248
89188
90342
12638
99063
5373
4760
5590
6521
8382
6714
6544
5639
85208
90683
91044
9410
10721
6792
96083
85240
7112
89384
8804
8896
93753
89462
89441
8998
10601
10608
77267
5899
7551
87748
7759
89913
6088
10788
93275
87731
6285
9015
11480
12470
86210
8012
6929
4965
5045
11484
93486
89631
7859
8025
83757
91963
89975
5225
5149
84632
8033
88148
7755
7657
88411
5588
10352
9324
72439
8376
13501
14322
5513
83382
86219
5156
91939
5979
5000
79325
5477
11178
7389
5572
8613
89149
97202
7607
96322
91456
6044
8253
5397
7581
4727
15108
7399
9117
9357
94075
5175
4702
8917
88867
5983
8897
11552
95468
90959
89416
6327
6157
8203
82958
5261
95377
80117
5874
7374
97361
91701
91316
7646
11191
5662
7402
9136
5304
15332
82359
4973
84332
8157
9348
83230
92283
6449
5321
4721
93089
91541
87311
92265
9832
5447
93489
82600
5325
86940
86841
17039
6199
5853
90370
6650
4850
90810
6318
8723
6449
5324
6433
90065
9884
85784
7676
6596
88910
4553
86897
6652
8184
4314
9443
7121
5170
9991
88141
87946
9474
5556
5019
90566
11535
84869
6332
7346
84825
98425
83553
94462
83114
88166
5715
7728
85176
10533
81823
4991
4738
89132
5736
8990
5287
89964
95046
87771
6217
81608
5285
7391
8281
86592
52916
8491
10141
4698
91228
90307
96422
8810
5680
5208
6522
7968
8310
86587
88417
4795
7304
6923
19909
77006
6881
6393
10000
7902
6494
9035
6448
90935
75062
4793
91346
87421
4715
4554
4861
6317
86911
13452
6738
10037
6590
87038
79195
10269
4404
4612
7368
101271
6617
5623
6464
4985
83801
78315
98888
86431
4861
5057
6728
12090
7459
9821
6438
7004
81151
10065
12480
82674
4891
82737
4314
9501
4804
4834
5309
8371
90604
86812
5286
4736
91809
5678
5947
7215
90693
8011
6937
78216
92565
83148
10175
5059
10534
8216
9475
78140
92291
6716
17165
5378
6589
5898
6201
6776
95130
83008
7775
83671
5973
88061
6744
4628
6665
90099
7173
9156
11692
6076
91124
4981
6980
6673
5102
90327
6993
89616
4483
84805
5168
5077
8842
7357
5667
84015
9536
7239
14177
5760
6497
4909
90785
94018
89372
91548
12031
89208
4690
85339
5232
88511
4783
6495
4743
8784
8729
7263
4977
9527
4833
87034
5098
5463
4921
6855
94021
89634
81580
90828
7403
83350
7466
4749
5010
94548
6200
4258
9737
93754
85285
89564
8729
13452
82049
86198
99969
6648
93393
95074
6624
5786
85027
87156
99619
14496
80465
84994
6418
87030
8174
8980
6238
5449
85190
9526
5993
92847
84244
9974
8430
88877
84113
6196
85762
93099
10198
7159
8830
7166
11174
7095
8414
5295
85993
13036
80936
16923
4963
8784
9090
88363
7536
15162
4652
80481
12422
9656
81086
92864
6593
85267
5298
5923
7971
4657
5049
10060
87722
98386
5334
5389
6291
88488
4666
6394
4584
8988
11096
4597
82677
7353
9939
7964
6519
14973
5823
90474
10993
6072
9023
10419
6430
86646
6584
88117
91409
99172
5365
90294
94952
6635
87818
77498
4605
7172
6224
84192
6303
4880
89918
5455
83649
4946
4486
84918
4696
103119
100644
4800
13877
10155
5030
87547
9969
8159
7667
82420
87084
6687
86194
6719
88606
5895
10917
5245
7791
7004
5766
84281
9704
6933
85612
5795
8822
8017
7928
14272
5228
86948
13565
6103
95713
5377
9067
6320
86242
4969
85496
90035
5807
7631
84427
8670
90314
11178
86835
6148
7983
5963
6315
10328
90931
7029
13669
94366
87052
8343
5046
91181
98490
94802
4689
6384
6024
4562
88016
6260
17677
10439
9746
93215
11121
91454
87464
7397
6303
7522
15829
6304
91675
13025
105447
6088
8981
89423
9357
6151
7410
93978
8612
8057
85457
7543
88194
7595
84035
81054
9878
83037
89628
6818
4559
6813
8338
89436
4860
4872
87742
88956
11255
4518
94848
99918
6301
7689
85238
5320
11713
5609
93042
87647
8037
4391
86737
88115
4343
85553
5094
83758
80506
4262
90527
79046
4899
83924
8677
4866
87206
7634
4630
85990
5187
85374
6020
82504
4850
9182
88290
7200
5001
6196
7735
7217
6745
8371
6943
13824
89724
6284
7657
7634
10493
86197
90388
7203
7724
10406
94369
91979
5002
10373
86679
92146
12076
4647
10449
4616
89273
83893
85397
88393
87974
82876
83496
5500
6729
4541
91274
5794
5393
86809
90593
13200
95244
7600
94220
5702
9766
89853
5603
6597
6556
6033
89779
6116
95679
6997
5497
4381
90667
93392
93407
94340
98032
87809
7477
7246
90228
86910
82921
97162
5007
7167
85913
8473
4792
85461
5242
6307
86513
92810
89852
7959
11031
7770
6455
91127
97062
8926
94251
187982
87095
6635
4889
83261
9029
88041
9836
9554
6596
6660
9313
4549
4171
5247
8517
87859
8586
5079
87729
85346
5245
88628
6048
88833
81327
86936
10445
11607
83159
5420
10846
6607
89988
90511
6321
84497
85840
97579
93224
5547
4765
11029
7060
87869
88788
93795
7344
84125
5784
4229
5174
9388
5335
9462
5225
4666
4512
79740
5850
4769
5273
8116
78213
91857
7770
7459
66380
8251
97590
89014
91891
4896
89799
86261
4913
5360
8421
5407
80212
5282
5913
6036
9258
7101
7280
7016
96521
8885
5265
11401
5070
85808
89561
8908
5437
4832
86728
85585
4479
6012
5775
4558
89329
82199
5672
7531
7291
86676
93861
98258
92041
87681
5306
4753
4815
5544
5565
84372
4751
5855
6529
11464
7539
91938
7144
4875
8610
5655
5831
4459
8857
5988
84378
78531
99350
7249
4632
8929
85735
5030
5120
88298
4323
5063
94987
87910
10327
85472
5269
90815
5372
7998
6636
85079
5792
93994
90926
9249
97302
6337
92668
7230
6346
80763
88825
83322
5885
88279
4927
8054
89843
87115
88264
4489
4651
86720
7117
5450
84401
89560
87168
5662
5194
5052
100183
84618
88005
7244
6303
4980
4852
5014
88415
7371
92098
6636
5014
4887
6321
4869
5026
82150
88447
6365
15505
4780
7412
91423
8592
69859
10025
11178
92203
8080
84907
10004
4653
7087
5063
88958
7792
11746
6341
5219
5730
86921
81950
87297
5226
5187
5756
86570
5443
91146
11205
4937
90214
5181
93815
5166
91915
5292
7047
8196
6395
91303
89712
4845
6369
84209
4626
86574
94673
7406
7478
86854
86236
4987
4629
5459
4866
4365
83587
4467
4611
83965
8712
4702
4468
5298
88044
6271
84101
7131
102555
5101
4715
5125
5877
6925
5464
9228
6173
5368
97121
4802
6094
6056
74190
5029
90020
6515
84307
7136
5026
10217
85609
84117
8362
90364
4533
8265
5871
5016
90918
6263
88814
4745
88146
98287
91718
5141
91016
4573
7881
9225
9210
85946
5185
88444
91822
5051
93674
6924
10316
91043
5089
5844
5564
12823
90369
12050
95852
99162
5776
94425
9141
91780
5343
89925
91112
8499
6740
4832
5249
4346
4480
4759
7524
11446
6224
8679
88617
86389
4914
4588
4705
5189
5358
82873
5553
6456
9205
7298
4696
88695
98938
9425
87975
4175
6266
4811
89056
6072
93978
84246
4589
5018
5832
85670
86395
4818
90714
4980
81678
4504
8152
21029
4417
4894
87054
7719
9453
5866
9035
86973
85495
90992
94631
4968
87548
5907
4875
81901
10798
4921
4605
5883
4726
4674
6698
4406
4534
81757
6276
13381
7323
95709
83496
4768
85565
4868
5563
7210
87504
10000
4785
92593
7770
4403
86351
4375
86147
5482
4617
6522
4603
88619
5242
5653
86193
6936
5331
6253
5138
85409
84632
79746
88751
7384
94828
8931
7385
4909
8310
8959
90668
4941
84673
84764
90412
5880
89095
4903
6855
85598
97590
7423
7509
91506
8577
5613
5734
89240
6030
14038
10053
5449
5880
5747
82206
94008
4698
9572
6034
83197
5479
5351
88443
6726
5590
8992
6946
87577
85200
83656
5388
8869
6105
7176
81469
9524
83654
5108
5956
5807
4706
4487
90267
82635
87167
4758
83839
81716
90373
10900
7621
87671
91353
10167
84249
8511
93328
11301
5086
6780
9232
88246
6715
85540
6792
4796
8453
96464
6985
4965
10022
82382
5045
5651
5835
6611
6997
86849
89829
4548
91514
7271
5138
90984
87782
8473
95081
9619
5014
4811
89041
4805
5714
93610
90121
7197
7022
6503
5694
85395
4474
90003
7078
4559
12017
83480
4815
88120
6458
8301
4269
5332
8160
5432
89960
5035
8667
6020
91465
10051
5466
4541
93681
4282
91854
8065
8897
6365
5382
5717
5003
4585
5310
5007
5492
4858
5972
6017
5946
5351
6287
96552
88573
5146
81979
6100
4622
92302
9190
5106
81513
8935
88386
85017
11698
90394
6167
82616
88697
88996
8314
5665
4891
9743
93608
9123
7120
6229
90261
104698
5606
4757
91683
92379
4705
86027
10908
4672
82242
8471
82345
6402
84074
83432
6639
98362
10065
11258
6891
6391
12531
4955
84868
9688
4771
84668
8527
5649
6953
6075
80330
5345
103177
5522
9756
6272
4278
6743
8336
12697
87981
4813
89429
9335
5942
89149
4702
5445
90495
85797
7603
6369
89639
5226
16733
93323
7328
7083
12589
11059
6133
5050
5440
84388
4978
5173
5671
83382
5161
89122
7526
5704
10761
95116
17376
85013
4816
4895
4928
7348
8855
618199
278226
305472
282137
94919
85789
10323
5337
5430
85332
90369
91087
5066
93354
7526
91026
87340
97475
4901
5976
6545
7491
5509
92859
88649
92945
78603
87855
5382
87345
86975
6372
9028
5517
6342
8413
9041
90375
5391
86052
86638
9407
7170
5513
5122
96704
9341
5138
4902
4635
7091
5987
5753
87523
5151
185454
6499
5442
7600
8582
5170
9300
7722
8664
4831
83957
5615
87443
5109
8002
6450
5132
90883
88613
92127
8444
7634
5389
89535
82923
91270
86204
88542
8393
5130
5178
92351
6277
5187
91645
7394
5857
94867
6584
87448
6465
11654
14391
77881
12006
5242
6797
96274
86214
98187
82668
5722
5319
7633
7973
5340
8048
91621
13888
7432
82191
92491
87083
89523
9045
88854
5715
13153
6551
6152
80923
93537
7988
82466
5173
7604
91929
86032
9576
76631
82120
83570
94730
94106
91231
83495
5887
79528
77468
12718
11145
6516
6424
5960
80733
7818
8553
5601
84969
10839
99752
370873
391860
371892
11316
6334
14580
182110
135975
7924
85540
12131
87908
97131
85754
9682
86864
89465
9126
8347
6984
7022
13139
7356
86817
92171
87388
94393
100346
95903
91635
86962
94079
52093
74459
8790
8926
28612
88808
7251
6010
11132
80906
87146
8519
94310
89586
95813
9289
7696
5769
76668
5531
9061
78359
7925
7330
6593
89895
7900
92950
84548
12149
82668
12212
6519
10488
5789
93115
81692
94171
89020
8202
5132
5997
89815
5966
84969
86104
86901
95662
7132
8544
8083
86456
86884
5555
7343
87984
8191
7043
5546
90096
5333
14723
4692
6416
9311
7678
83310
7895
90725
7951
86035
5371
89192
8815
81666
80998
94531
9064
88774
11913
92581
9554
10648
93860
86596
9995
6552
14126
94868
89707
5491
8993
88895
84136
62708
6997
91619
81324
83773
7676
9651
93882
6165
5729
91996
8872
7457
5633
85174
84008
85960
79045
81580
87605
5014
89702
5625
4951
89657
5571
94416
5609
91750
5996
95707
6268
80374
54440
75242
5134
86610
5707
6012
89930
6460
8262
101852
82140
12668
81789
5942
84605
8555
93244
8303
5764
86215
91240
8758
84980
56151
6548
179023
7525
88434
86634
5346
8376
95630
88735
90489
6460
7709
85176
81513
8983
7341
83589
4659
86811
89118
89180
8193
10155
4725
7815
5219
87584
5683
92523
89799
8122
85676
94588
12002
8410
6070
89612
6262
10530
11107
94963
5577
93856
8306
5265
5485
9650
5075
91355
90612
7135
7130
7124
7491
6067
7541
6959
85297
4829
9715
5964
6664
84430
7531
9080
90596
5045
7271
5847
93816
7062
5485
87202
6059
5575
5188
86217
5769
5694
12629
92533
5056
4988
88521
7485
87525
7255
7652
81682
90407
5124
5033
5575
89503
4750
96544
4982
4931
84645
6961
5424
86475
6180
5327
5176
5893
5180
6596
86623
5010
6131
85129
100722
9093
16642
6392
91540
93003
9780
5669
9408
5114
5885
6620
9072
183677
7374
8278
4747
7645
8820
96372
6871
82809
7299
5445
9288
82782
89460
91180
84865
100324
96384
102448
5265
89786
92409
5743
12614
5965
86706
92451
5593
6519
8243
8781
85696
92631
83922
8417
10172
7208
5745
89276
6609
7321
6411
8129
89651
89285
85062
93564
82915
8612
13286
9075
7046
89087
5768
7199
6646
14731
86995
81568
6093
83143
6299
80174
4851
6987
83649
191054
91005
6713
5737
95617
6765
88548
5692
86499
6591
6640
85772
6927
69277
5229
5276
95120
81301
90343
6908
97750
6644
80475
89083
9373
88553
166852
7606
14431
79237
6971
5667
5303
87006
126001
95664
10848
87447
82512
5511
14100
69705
5193
7598
10352
183873
6552
7872
84496
103227
5507
9134
84505
4978
6400
4711
5408
88043
6831
9816
88980
90907
90075
5174
86946
9181
10857
12701
80294
84642
85059
87752
88154
88541
61000
95431
5646
7260
82039
5300
90727
24695
5227
6677
10267
86983
81290
7150
7989
11075
6911
12544
85752
9579
5748
12699
8426
8496
87429
4785
8936
6765
86736
87454
82082
87768
90330
8878
86686
7834
5477
90182
5077
5288
86792
5654
9926
81690
5504
6827
5112
6762
85796
4973
5387
6603
84821
6480
94882
84887
5249
10168
69964
85924
5668
81204
12064
8904
5705
85546
88933
11388
88995
11572
78436
5382
7915
10082
9823
94751
5742
5137
6567
9774
100415
77065
98551
85804
6814
93986
5353
83625
5412
78331
89127
85593
80870
10316
92466
77271
86156
89890
10397
6080
7783
6588
87926
5516
4439
6421
13604
75960
5538
93069
5658
85147
101534
77244
83898
6837
5326
4971
91198
94461
5484
6208
11631
8518
9528
92085
91613
7439
87389
5516
82758
85570
9048
5067
9961
92471
97012
10557
90425
8693
7598
17349
10008
90242
91774
7814
86085
8309
88296
90962
88956
5128
5328
5503
5173
5708
5684
9280
86667
96031
8195
5239
13895
5698
6912
9521
89074
7418
12864
91081
89451
7427
7067
87565
5605
86881
4790
6096
97302
4847
4766
5225
6631
183923
85651
87291
84500
62506
91807
5840
89162
101055
12296
89128
5530
86998
9220
12156
85149
14502
84077
80306
11442
8535
6838
89394
93831
5627
85247
86898
92068
12916
6169
8268
97890
8003
94131
11289
8784
77188
