7001
95699
6628
96564
99583
8077
6715
7779
91178
6882
91389
92720
9114
9132
11768
86115
13545
8211
6943
97013
13198
11219
94668
6886
97462
7199
7415
88242
99756
94654
8994
9799
94589
6626
92461
90689
96451
8623
88195
9810
7714
90483
90445
8074
16390
93693
7808
7529
97567
10818
10332
11877
103123
87675
8414
7838
8007
6471
6588
7534
88626
94562
11009
7742
89044
98921
8220
8815
11092
11379
6477
7065
97095
55014
8453
95266
8323
87862
90867
14501
10890
14434
8753
92478
93957
10113
7328
7426
88383
7060
7542
94243
11096
9555
10189
99452
8522
7929
8154
91878
9220
10599
95445
8802
88246
7103
86741
8142
91348
94254
7559
16537
90398
98088
7007
95495
9177
89403
90481
11712
9247
94013
55287
95299
98850
11010
100072
17424
14432
9344
8006
8427
91242
7047
11788
9493
17506
94082
13635
10411
10633
10138
85933
84577
87633
8784
94634
87813
80988
92052
84192
8792
11843
94565
106312
11923
14945
10611
10508
10657
82476
104247
11453
14672
13212
8153
94352
94555
93504
7481
8471
102914
90929
7798
89906
90360
90396
12488
102479
88841
87709
8847
91292
96561
13877
97854
8473
93894
11100
13736
11251
97475
85700
7985
6732
9405
10026
8903
10387
6741
8114
90135
98833
9645
7576
13111
9053
11064
88508
10444
7800
12409
7340
7083
91361
16957
8129
91001
90488
7240
10236
8082
89556
7685
9587
94395
10767
14029
91495
7067
7894
7374
6915
7015
7918
6600
88756
9558
9010
9784
7554
7153
10835
7739
7238
7610
7347
105503
90149
8655
90522
85988
7955
9251
7646
8826
96688
11551
8281
7223
7704
6147
7594
89041
9697
95294
96523
9729
15447
101756
91515
9943
96811
7446
90508
7651
93796
93231
6790
7052
6793
7644
7407
6713
8542
100718
7349
17787
13646
79890
12103
93008
15013
9505
96426
91107
12160
9503
94664
16803
103320
86901
10649
12671
13623
81139
10868
7785
9656
90658
9148
8857
93848
88603
101804
10251
11751
91666
8738
16940
8963
10841
99856
8086
100610
91106
90105
114364
7648
93464
7286
18622
9179
12754
7323
7376
94879
6417
6190
99130
7125
92844
6208
6838
96053
97907
93710
9746
8658
87220
94706
7334
9121
88464
7643
102258
14947
96666
11011
7675
8748
89524
8151
13026
12913
94747
94827
9398
7221
14010
9013
86195
7633
81950
86085
8601
7409
90519
91633
10672
99895
95274
18215
8579
7087
8750
101755
99694
8138
8883
8498
8596
13583
8417
10759
9933
8528
10892
9030
7383
11693
12056
10603
86307
8594
91062
94912
96354
18630
7209
10385
96535
91089
91123
14983
7078
17410
98817
11846
8107
104030
7178
7970
93205
12822
90696
11269
91543
8073
94528
7225
88225
94008
8265
10149
8753
6462
7302
7656
6428
9631
7992
91591
87839
11242
10347
96282
11237
12823
7242
95371
10252
7495
11690
7880
10969
11795
8514
7113
91093
17144
90091
112609
86189
6793
7552
8555
19013
95095
10646
8265
12264
97296
96433
7866
88754
10195
7333
8339
9647
8142
103255
8657
12124
98841
11082
7725
7133
102638
14055
9123
8627
94301
91992
96567
6886
93329
8103
7848
92564
7840
91629
8689
7381
8048
13084
87290
111957
96692
6932
6870
10185
9429
87853
89173
11928
7846
8951
100338
90663
11419
13380
11158
93128
16527
97199
12973
7588
9382
88483
90037
8823
10652
97147
74052
87827
90484
9996
94031
12610
22219
18551
10141
99848
8673
100624
63276
103002
10893
95797
94940
96880
8572
87672
13607
7662
13657
85512
95197
90339
6679
6986
10198
6488
98051
8509
8885
8971
11799
9637
89035
84488
9542
8696
10534
103032
103323
9584
91666
7471
11429
7959
13285
7685
91126
93218
89916
85119
90952
90063
89384
9242
80990
10312
12602
85937
8468
18847
90703
92534
6087
93268
6956
90023
11805
90253
7372
104401
8749
75290
11177
8626
9371
7848
9369
13982
12221
7498
11316
7272
10215
94052
15084
12367
92129
100874
14541
14495
12092
6826
93749
93077
6295
8394
11348
8926
8040
90811
7902
96756
6483
7395
6941
6781
6039
8155
10580
99243
10555
9596
10168
7350
90700
93020
8542
11432
11448
9336
7157
92833
11638
11138
11220
8529
7716
7839
8211
14490
8354
12860
8385
90642
7859
16065
97315
87338
9108
10798
90645
6451
86285
89279
94481
10705
10813
96635
13249
11290
14867
90990
7197
11414
14692
96975
11939
16113
88740
8575
7818
8031
11527
8959
93559
89125
9729
95959
12353
9849
89265
93495
11408
88033
7297
14836
10512
9799
95629
7809
8361
18980
89451
9471
6237
7664
91865
91044
99491
93752
12147
7950
83883
86575
8761
8185
6913
12691
7228
90670
8680
84557
90032
9230
14566
12349
8015
8313
7553
97013
10531
10731
8283
105986
7370
91588
9382
7623
11371
10745
8945
97434
10672
7505
98154
93059
104316
8987
15864
93950
14717
96464
26603
96862
12408
9833
9920
88646
8145
13258
19429
91651
8467
11216
97322
11846
106003
11082
93530
7544
8534
93111
9412
9946
9455
96838
105031
9009
9951
10927
94395
7391
92945
7870
6866
6838
92593
11307
93341
16549
96047
15986
7265
87032
96376
9790
11458
9023
11785
7568
9682
89609
8208
89365
8528
90458
11893
91288
10033
9643
10683
7474
87867
7266
102598
11381
9562
99674
12839
10218
8066
9390
9731
7051
16625
92633
85151
9664
9049
11374
7155
90339
7618
6913
91622
10619
8357
7223
95518
9716
94347
10978
9816
15147
15061
85618
10827
7150
89071
90174
95682
96077
90041
12949
88854
6403
18211
11754
15902
10699
91492
12358
12825
7616
10252
90468
9789
9440
7459
95981
98024
101730
7224
95868
85288
8185
7657
102993
7431
7418
12705
7442
88581
12121
8124
95760
7105
88586
93969
90115
94870
99678
96122
11365
7834
92082
8735
7233
11991
95800
98722
186920
14043
89236
7727
10033
92022
89915
95002
7279
8429
9260
15618
11027
90555
9742
93059
9572
10909
11084
96250
89368
13628
90188
11519
12212
20255
91896
88143
14891
13564
9089
7790
92688
102887
11559
95148
8459
7195
9724
9045
7918
12098
86612
10057
99815
96107
9671
6715
90701
10169
8902
101870
9664
7665
89612
9502
10171
12469
89726
8195
8938
92671
12101
7004
7237
7637
7301
8627
12719
9967
8523
90690
10675
13190
92932
20298
17366
16112
87134
7064
6154
14813
81348
87905
8098
9373
9557
93038
101709
8312
7733
6594
9914
92647
88379
92586
7356
19877
8171
7167
6912
9020
6557
90554
8615
7795
11719
8275
103678
7656
8951
94228
8531
99041
94093
90395
104403
7868
9093
100416
12893
8238
11698
7323
93157
11316
12533
88892
90244
14644
91924
8616
7369
94450
102768
19207
7146
8582
89216
6981
7113
90251
9855
90298
7440
7731
100680
9511
90289
7188
10046
12557
95513
10173
7566
7665
95719
17047
7628
88875
10263
7504
7498
9985
10381
95383
96720
14956
92480
67397
95286
11566
17908
92426
94658
7259
98467
93109
9497
9645
8512
10418
10035
93658
7467
92565
78857
14983
10351
94372
86222
7157
6552
10105
10628
15093
93284
91503
7668
89399
93769
94416
93220
9172
11164
9410
7783
82331
93182
11020
12795
8226
95996
11112
96046
11637
88706
89563
103958
94876
9856
99357
6371
6900
10946
105557
8976
11636
90950
12102
12439
10039
6977
96364
95150
7825
9759
9328
96923
12836
9036
7514
14409
92685
10327
10206
96590
90490
16786
104167
105023
90059
7372
93987
89732
10302
7543
7622
8433
100756
16659
9227
106972
6737
7295
15580
8243
95614
9740
7282
9534
8763
90742
104338
7464
6747
8856
8117
8773
92503
91381
91118
10908
94870
90306
85151
60250
15275
9680
95639
87997
7044
91069
7112
9168
86300
10003
11096
7284
92927
93967
7722
10360
10193
89442
99606
18803
10963
13165
9336
8642
8584
99211
8607
11463
11441
7402
7868
6897
7476
15418
13368
89731
10354
13760
7691
89691
96744
101112
7360
6286
92624
7072
6378
6881
92948
6799
12732
10077
92830
7606
88348
89973
8709
99110
93474
89585
8387
9092
91002
97501
13767
9915
9281
8327
85554
14394
87828
15803
8550
7864
94675
84092
13043
89269
89855
16770
67437
88276
83688
96339
88499
8478
10167
10672
11779
9802
89354
82137
93439
10746
84117
9170
88420
6879
92748
9460
11404
10631
18721
12544
13554
8126
88295
87744
10453
7134
11579
6869
90114
8076
12781
91785
9116
92292
7455
8398
103712
7270
93218
90988
97797
89936
8475
13493
97256
16879
7623
13826
13933
11464
91621
12055
97410
96550
12563
14805
8162
81185
8603
86846
8304
7859
92155
92106
93980
91621
10219
91103
87761
16499
13707
94346
9438
11989
107578
10573
97016
92424
95508
7857
92292
95862
11471
82447
16163
10572
12168
12263
11523
11581
95415
7699
18216
93646
102326
91887
89090
8466
13265
9190
94891
8878
10447
11191
14251
96581
10800
87075
15866
9159
11221
10501
9270
7881
14041
9527
95520
198155
88125
13978
90710
106841
10191
9800
87264
8435
8319
95937
94803
12325
12716
99701
101361
8597
11176
11914
88906
6323
11208
12639
11454
96086
93302
7540
9145
87249
10782
94498
96729
11432
11774
9785
11616
15608
8712
8771
12429
12180
105718
9245
95483
10406
7681
9796
7727
8554
86982
11220
7332
6407
6155
9038
96734
11670
90216
8736
96131
89683
6591
18727
8953
97679
10564
9136
8849
12772
99564
93858
13404
84454
194053
88880
10110
94822
17190
8827
9261
12990
91164
98889
76357
13685
96427
90114
88672
86212
84206
96164
94923
95757
92251
11460
82368
196982
91784
12274
7862
7541
7940
96370
7533
13486
11366
95421
10918
88913
97446
95446
11202
13437
92670
8250
90178
12578
97263
93793
82917
101655
10462
15992
11268
90787
8530
89607
11083
9614
10000
10864
84561
12445
13048
11839
96193
16261
92870
10746
9318
92618
8791
88922
9028
12517
92581
8782
88199
96982
88553
16576
8189
8422
8527
89343
8430
87257
94260
10076
14372
106072
89210
91181
87335
80874
10370
91230
87093
92682
89881
19730
11567
10087
98107
98969
12573
13242
83911
92808
195792
102359
8278
91115
91567
95753
83409
90445
22002
99334
15475
89654
88785
86959
14904
88228
89433
8582
8736
23906
93831
99583
9230
12731
18718
12291
12621
17663
89187
87467
12141
96854
100534
93756
87073
13568
11564
93717
10770
10475
107002
88357
12362
15395
7742
10960
11949
90541
90299
99656
16653
16191
81310
76374
13026
87021
10628
10361
98017
98842
92009
11992
94835
11172
11150
10705
10651
90237
86979
11057
10865
9751
88891
90630
106871
90899
84866
91094
10136
9365
12875
89806
9078
12527
9171
84127
76120
83736
96057
96826
89711
19198
11550
92340
95527
11730
11667
12914
92559
85767
15356
102690
7638
9667
14107
88572
89911
95416
8038
94839
92455
89290
87670
85832
82886
8180
97895
98589
72944
82862
82375
86233
13599
12303
9706
13954
8549
93400
12223
9084
95559
12730
13051
83334
83075
70805
77881
96728
136246
13437
32717
13231
92703
12104
9162
83650
95155
17005
77529
12217
92084
11460
14004
11234
12454
86667
78426
81923
11340
105007
10109
13845
95881
79810
15408
98980
12634
89129
92026
91724
92904
98055
88882
23955
14511
119884
92110
107399
19291
93397
153946
100440
97979
16194
10121
67407
13280
13089
91441
83528
93588
86650
12374
73712
13303
12455
12369
90173
16196
97200
13374
73389
82635
97343
31157
96188
13857
81441
79652
10478
85612
13531
73592
10213
11992
15874
75804
81969
16073
81755
92746
21344
85322
88442
96126
54708
31949
22106
24579
95169
13351
90302
75623
96439
84448
95491
87112
31097
151696
173542
13256
79651
11303
96541
17357
80956
89458
15781
89755
83658
79628
15550
100972
25701
24465
90495
11457
10499
102346
15743
19432
88034
88937
75663
18884
50220
78222
12055
95467
191428
105365
15628
74621
17622
88383
83019
11041
52900
19267
88114
15497
11254
96959
10796
19839
11288
111444
81376
72450
12940
12382
86542
10104
10022
67550
16367
23867
10926
70995
76831
13667
85443
12356
17760
65125
13973
9946
25557
88774
89242
93186
100493
103249
82129
96139
92418
87296
14099
7875
87531
11917
13087
94653
11533
96054
7695
16824
11333
179407
113195
108955
88763
105755
113973
85927
15077
14827
15512
84435
83470
84337
172996
81701
88310
10315
77036
80100
89009
111243
98560
90857
93987
84169
88778
98163
101196
94020
8780
68154
91159
192979
10541
83353
75974
97072
10302
16902
14544
88431
9227
80743
82804
93360
14662
11035
125347
100350
85765
73807
96510
10347
99097
88321
15784
18879
7811
11810
17599
83554
14107
10907
8714
12186
16972
105914
12567
96083
88486
83864
88977
12237
21485
96844
12213
87978
91630
95701
10522
13693
15784
10976
90842
27873
13718
14793
15067
84579
8218
97664
86115
89617
13923
178216
86178
84151
16964
13452
80061
7182
88486
14568
12883
8241
19243
89220
9301
87636
84259
80871
7831
92509
10434
99394
88213
12541
90708
8094
91860
11743
8350
98285
9855
82147
14934
93175
91668
10312
92599
11607
10929
103629
81765
100102
12427
8053
84470
20389
91602
15319
83820
17817
85708
102943
88426
15011
86172
11280
11268
11469
87296
91000
75535
10393
8238
14528
8241
8980
11557
96082
177325
83600
96793
17249
179894
81556
11268
7971
10933
7113
13654
6203
26876
81415
101084
81010
99029
95946
79568
104992
84005
80245
10600
80148
103509
90466
13175
91518
86286
9929
8016
9986
77394
115222
91866
17756
91732
100997
168429
81327
87364
10260
10283
8553
9262
9132
92626
102143
93925
8233
8330
9864
9600
100738
80107
115403
74980
10838
9985
9149
12455
6929
7430
9381
88962
9799
9742
9991
188571
9987
9941
87068
78400
96302
88772
66308
9558
84721
14543
12517
9976
211652
87974
87760
13811
16197
16930
10771
9500
15101
11979
9168
9233
99600
93120
16275
9854
8863
90790
10568
88659
9239
183151
89833
91437
7482
10304
89817
8720
7692
99992
85047
14378
88186
92763
87138
79664
87346
90970
85289
8499
6743
8635
8572
176949
105114
9105
9310
11924
94596
78026
97678
84091
102406
183796
21093
85609
112798
9537
8078
10694
83128
9438
19545
88734
18833
8402
17274
89269
77394
85896
10175
14617
96606
7970
12606
85255
9147
92077
90150
8681
9228
17301
13983
16153
14596
83772
11077
8984
11506
96214
89888
11576
80954
10957
73562
11854
15645
7243
86063
9634
8160
16563
93386
9758
90950
12220
13734
13437
87869
8324
9175
9336
13234
10170
16624
90124
90196
8086
8394
109434
8584
11729
18032
90755
93141
98942
167580
90891
13414
91709
87689
87566
89595
12560
75444
11299
102494
90103
12378
14266
89283
8752
12647
10900
84144
186425
87018
86601
86612
87332
16218
89218
9288
87133
24798
94555
16516
90897
87062
7923
8317
11687
8422
13602
87470
11139
86113
12183
81718
87597
97045
99770
12175
88292
85331
86305
86489
83773
11780
79577
96195
96390
9803
98252
77494
93323
87596
14171
13794
14114
97452
91354
85569
8906
9109
89883
77023
9588
76889
90325
72153
10146
100259
18303
96476
92280
12637
100395
92121
83777
6935
11962
102426
98235
6687
84340
9406
6435
89651
13205
7123
94541
15818
8241
8583
98284
94628
85413
9310
94569
102299
104064
11376
7657
97460
7358
8692
6824
88700
7734
7760
15906
101586
9964
6786
89731
94867
89739
9438
100861
95268
9537
85629
8316
102164
81081
98099
8160
185811
8653
92450
91306
97957
7270
12937
8230
11154
101973
7593
92575
7807
89226
101531
93311
105251
7991
90626
11313
9483
16387
89686
9329
7830
16833
97588
90828
92271
95865
6915
71919
7254
12816
9194
90694
8930
95521
100129
8975
15468
177447
89168
94000
8740
7637
90630
87220
7548
11922
7546
9443
103535
8214
86602
95498
6865
8559
100075
9260
11391
96919
7580
7667
7378
93659
97306
7016
92682
9092
14026
95405
17798
91004
10319
11598
90579
95632
91617
7963
11032
94288
93364
17038
187906
13973
19500
7885
7887
99928
7485
101290
7841
6977
14202
88859
91626
7496
7026
9015
9337
87005
6704
93403
94306
90487
7093
7931
120853
94956
95139
7507
9366
9174
17854
17806
91722
8255
7478
88110
90566
9180
96166
184414
8148
8045
7378
15085
13458
11514
12780
14079
100178
87853
9170
10046
8712
95821
95005
12945
8600
14490
89801
91670
12147
9645
9518
102958
9202
9243
8094
8342
10284
7783
83781
7655
24436
84139
99450
93610
13947
11120
66057
7421
90566
7342
8418
102040
12094
7006
94420
85110
11988
15461
96021
14891
95326
7275
96924
10678
96098
81556
92357
96079
18494
5833
10288
10135
88357
99038
8656
8645
7424
8622
7100
92350
92322
88552
104632
94408
14128
7951
91426
9215
9650
105419
98156
36586
103444
6566
86925
8987
97793
9626
6820
7143
6919
9903
96586
95035
18635
7880
14549
10494
90197
93117
11841
91717
8072
84839
11090
16355
91023
7906
14281
96207
99486
12389
86840
102153
91955
8663
89584
9609
11320
96733
15664
93469
11424
9189
9077
9883
14971
16024
10049
7841
9602
9838
91853
85164
93426
8212
86989
10417
8702
10407
8848
88959
7486
94304
89476
11035
9174
95377
8607
91995
7302
92573
9673
7189
12645
12144
12863
10052
10045
8560
98333
8097
7404
15563
8571
8298
7796
20133
10995
95385
11904
94469
92572
15419
9927
98584
10616
7450
7467
89542
88503
94037
9277
7215
89369
9514
9093
7927
7269
93786
97518
8888
8068
7234
8348
13219
7627
9305
9232
15472
87541
7640
6250
7088
91454
11055
9420
95008
96377
8703
6698
7486
8486
7683
7552
89346
93017
7287
7043
91088
8287
88108
7092
99457
7722
8995
7923
89010
98265
97010
9580
8492
10655
13210
9463
9701
7209
6239
90208
7052
95473
10018
8486
95194
9562
9109
7435
8470
8474
7707
94967
12927
8824
10094
6623
11476
9385
8515
9093
7451
6704
14282
95023
96887
9039
106027
7534
89729
6177
7203
8152
91544
7896
7160
94862
10342
14728
15857
8870
88844
93534
11171
97639
9585
97377
13940
11932
7604
7123
14658
7931
10370
8629
8420
10781
9578
8880
9554
86468
11488
91883
97811
8706
90663
92028
89302
8946
86707
6818
10911
96244
7416
87957
7279
106133
7732
6853
104965
9171
11825
12675
12369
102702
8615
11211
11682
9093
8288
8949
7298
92035
8650
13355
8912
12870
9302
9630
93268
87508
6973
8602
9098
7045
7335
8390
10703
10067
6905
97591
14135
7175
98513
8233
7051
91786
9115
8245
6954
94220
9895
8352
6879
84408
7984
11357
10354
13546
85555
7105
8516
9234
95900
6752
6551
10977
93713
8912
7256
7314
6896
6407
6212
8289
86029
8273
16656
9738
16380
96345
94355
7227
11890
89889
95434
96473
17572
7830
94901
91026
6976
95734
92779
10212
7125
6670
88346
97369
94445
97111
11904
9798
91856
88001
96316
9707
12960
90969
96320
12935
92666
11231
15266
7763
101472
92881
8454
89726
15672
102256
14488
10081
96257
98424
9282
7438
6984
87910
9532
10430
104041
15397
87055
8306
85673
8053
88461
11792
90498
90490
12994
93609
8280
94670
7771
93888
97607
7687
14836
6955
11627
88094
7103
20905
8797
97081
95025
98478
8344
91116
7146
13610
15253
81525
14592
86385
94075
10685
7972
7906
9828
83097
12216
8179
7861
84612
9597
15690
84934
95655
9770
87811
8261
87387
12559
95166
9573
17568
99595
95424
10534
86395
9948
8684
86000
6924
99426
11511
7981
8725
91193
8267
89450
15920
90262
91261
99996
93013
7069
90015
8521
7143
14581
97690
93188
8849
10187
97598
8705
7506
6578
10215
8246
6603
7830
89099
91266
89707
88830
89665
78985
93131
92293
8902
18456
6671
7224
11652
101950
89625
8378
89532
7777
95520
171147
6830
10130
14768
7368
95337
7669
94978
98635
93373
93525
20198
10695
7028
92950
6852
93819
7744
7697
8199
10217
18042
92723
12546
7424
8926
7049
70907
95246
6630
93560
9699
11346
15312
7447
7237
10166
15321
95193
11136
7106
8226
86247
58745
12022
90136
9855
10216
7430
10753
91353
106794
90422
11676
78309
10891
6896
86563
7007
96531
13279
7832
86061
7329
8777
92724
98953
90908
8717
8098
95038
93164
104457
9987
88754
95559
9526
91029
7174
7807
94727
90860
96929
7253
9654
8836
87350
7590
9152
91247
8779
13648
99250
7928
10494
88034
9396
8513
20099
93297
7469
7404
9422
8106
7988
90081
14122
7585
88097
85728
8435
94423
13649
91709
13532
87204
101305
18423
92244
14214
10656
85472
8470
81484
100471
92425
94483
10405
8818
10196
13622
91593
91915
91866
105015
12372
12608
93480
7495
9706
7225
18543
7597
8607
98354
86976
10994
91904
9216
94315
94494
95830
6923
6722
94670
7666
9690
7423
16525
10336
8319
14736
94768
97936
95764
9112
96478
90637
6892
90398
102583
7301
84763
19431
7071
8994
8252
10342
94902
85190
13671
94392
7825
104141
97246
85503
93209
6990
88322
9115
13711
91526
92325
7195
96777
9008
8931
9156
99635
94828
9538
10396
10916
6878
89043
8643
96320
7047
7920
89245
6969
12367
13816
8018
10762
93924
10544
7117
93769
16896
7641
7321
84717
7576
7236
95729
9334
6993
14360
8551
102787
16443
94282
7822
9912
7358
87354
95953
8221
95195
6756
87774
7566
12285
7254
9571
91045
8472
8565
91031
7109
9192
8084
10731
7689
97740
94178
89221
8414
9527
6581
9918
7663
7476
8213
93602
10721
8363
97032
9827
88154
9032
7502
90486
10969
13258
89979
92917
12240
10096
12142
7849
7475
93363
7404
94779
8117
15517
183969
101615
100404
112019
92040
14266
87840
11673
13630
90710
90564
12574
95467
93144
16198
95873
9174
9901
9290
95697
95837
100085
11501
87942
7999
94106
7318
7750
14501
14914
8173
93325
10331
88291
12606
9816
9921
92311
14834
85148
12476
98017
10765
102266
9280
98402
92472
10891
7668
8319
9779
9511
100073
10601
91081
99021
6186
10575
94771
88059
88771
85568
92501
11683
12447
9179
10642
88206
7781
7848
88998
11802
8640
8492
92634
101458
9026
91755
11609
8920
90746
12390
86350
7437
11820
7475
90921
94083
9170
7823
98657
97624
17206
87353
9682
92632
92868
92978
7495
90152
11278
7422
87618
8020
8985
8649
8004
8074
87567
10042
9266
8518
8591
10642
86876
10901
11456
7373
86851
94889
9270
91521
9683
9338
6770
7151
94751
85553
9149
10354
6785
7637
96372
10536
7173
6973
6792
7142
7807
8047
6805
88915
6985
9829
8491
100474
15512
7891
8733
7060
16853
7424
7738
13425
94427
89915
17093
9752
10586
9949
13833
9648
92154
88505
7743
6994
92017
90092
12258
90150
12309
8438
9502
8493
9589
92182
9491
86007
96878
8802
7550
92200
94664
93557
96729
99344
10404
8919
9046
97213
87834
9755
91049
12103
90000
8264
95056
12829
11593
10218
8411
96612
16806
101682
88794
92125
88679
92906
7955
8532
18242
88280
12689
11817
13775
8626
91698
12063
7756
77596
7626
95271
98530
10434
86734
99371
95983
89216
7243
93412
11118
96515
11501
90000
7745
11493
89970
8773
8579
91843
6627
99901
11636
8007
7878
8485
96159
92052
93904
90058
119136
88756
9622
14481
94480
90342
18306
11973
10253
8534
12597
8210
7316
9254
102761
18779
8687
7053
89116
88567
91225
92965
20156
87084
8251
8619
93612
10522
8344
101294
7761
14216
9434
8278
8740
90933
100941
12423
90390
88815
89909
97774
16318
7978
70639
8497
9329
87136
89401
99547
83896
10272
7873
94574
10039
89451
107688
93660
85900
96087
7061
9710
9171
7940
94127
93234
17934
6519
7904
9304
12082
98740
8944
8984
91354
9310
10606
8494
83076
81922
90220
16752
10096
6360
9794
11288
100402
8434
7196
10901
167755
85842
9701
10774
7528
8382
90732
7533
7487
89915
101850
16656
104707
7713
11112
7415
95000
93141
9953
95828
14095
8275
94759
91889
8256
90867
91547
90284
93203
8195
86242
88266
7867
16739
94639
94899
9401
12653
93859
7985
105351
7598
92419
14874
110187
12440
9298
13843
89736
90967
9040
7294
10240
6585
87337
86223
90363
9799
90312
9846
95709
7888
80090
11402
12283
87497
50807
103118
98897
8775
12099
94285
7840
99678
9002
89108
101638
7241
8091
90924
7566
12637
8756
23625
92415
7365
10814
8587
94229
7614
88640
7120
12296
91607
7086
7699
89174
10526
19161
95719
179316
14012
11533
95949
99755
11295
10035
11219
95098
107912
11058
10460
7297
97991
15683
102636
97172
13962
7141
7686
93039
8879
7382
89975
15138
12532
7748
7610
89235
96052
9507
9614
98971
14928
11620
98633
90679
9082
94061
20662
7138
7773
7525
90451
7654
10097
7987
9384
9388
11502
9981
9147
8204
96396
7966
91812
14143
11927
95129
93186
91736
89673
8738
7094
7391
96348
99408
8781
15294
93010
7250
9517
7476
9312
15694
89255
90498
7700
109114
8638
9195
8914
10092
7715
92605
7674
10364
11071
16343
100591
99858
17351
92118
7964
87857
89828
11854
10836
11748
9238
88665
7329
99263
96746
9445
7625
8198
8472
7199
9707
94657
96730
7932
7105
97488
7422
89574
91252
11071
92707
97214
14428
6714
89812
9700
9118
87343
91632
7796
7908
7079
11632
14754
10357
7330
7966
6910
8073
10157
7852
14608
10449
104535
7268
9771
9337
89647
10059
8622
8185
92510
89306
89500
7450
94903
90589
89223
12019
94928
98161
89260
8504
8320
97186
12553
92337
94502
9355
94962
8343
88281
10217
8802
6754
13177
6949
7910
12200
7184
95046
11758
7999
7940
6945
93092
7115
10833
6678
7917
14392
7449
9640
10402
95287
8710
9210
8224
11594
95626
11506
9756
95196
11325
7286
7398
7058
7502
90522
97171
10192
93444
96523
10500
93480
9294
93393
7999
88751
95910
94683
103976
7770
86641
9236
12171
95440
6971
91240
94335
9732
7367
89577
13403
16823
100018
91637
101952
8611
106684
110716
11012
12887
7208
8014
95802
10508
85260
8656
9413
7438
8758
6840
102455
96645
11460
8623
10547
7592
11371
10198
91279
96673
14789
94164
84853
102302
86655
6844
10786
7554
6528
96847
8143
9119
17127
11361
11983
98729
94619
10573
89332
10406
9202
91719
6810
93013
95315
92656
10608
20068
8803
6321
10144
96253
91022
94213
10360
76184
87878
6666
13969
6865
8179
79410
7568
88863
8010
7199
105001
95843
7133
94924
10393
92327
7859
9414
7644
10742
99464
8810
90037
189961
85650
10420
87390
89453
91031
8379
90650
10315
8673
6867
109338
103401
9553
6634
12293
8813
96812
9562
15497
13961
10214
93926
92894
7362
92046
89491
8335
7497
9415
10415
189397
12430
11920
8214
89839
98331
11412
7599
8876
8503
87808
8211
10428
9652
94560
6924
11668
104549
6901
92273
9421
13516
7635
7596
86144
6781
91857
12889
82163
87674
15009
6859
14864
88386
7872
92247
94319
10268
90100
100041
13796
9989
104054
6232
7764
97835
96213
8786
7856
85844
86300
90317
80304
99493
87174
98980
7888
90709
95233
10910
15641
7353
11366
8146
9344
100178
96692
9910
36587
188985
8916
7141
10601
11640
95267
90782
9245
93703
86018
93444
103674
188189
7600
7135
11524
96688
8887
12166
8629
95558
89871
92559
7293
11461
9213
92562
14186
7284
12547
17424
86739
7795
84309
12090
91175
9182
88367
9198
7828
96709
7424
13756
15034
7451
96858
94537
10633
91659
99217
103609
10259
9495
8959
98258
7508
8332
9149
8031
9163
9074
86691
92130
6353
6684
101337
9685
88315
8153
90946
9990
8955
100609
87589
85214
98635
7747
88573
9713
7859
98823
8774
105572
96903
94307
104213
7103
8064
10251
94084
7166
8354
9041
58758
34993
7774
95417
6955
8053
8512
89207
7640
92582
12299
99298
95244
9060
16913
7601
7454
99092
11585
11687
9716
89081
88438
7399
13068
10632
87438
95804
87892
91203
7652
8058
83844
10614
15206
80808
7526
94717
90055
91418
7181
10217
7101
80838
10888
7229
11086
84765
10981
6844
9304
7645
90244
7618
96468
9110
10669
7171
97887
88246
111950
102998
100450
18062
101204
9110
12229
7612
11519
81779
94888
6485
90606
6498
8149
103300
8640
13541
90968
9823
100329
94568
96982
10133
90094
83892
6078
7559
6333
20254
93134
16958
7086
7059
95794
98379
86543
8262
93241
189287
10907
96590
95025
96672
97201
93661
12148
97423
8091
93721
8070
7029
101262
9064
11690
101411
92073
89402
8824
10802
43249
93062
14634
8088
13355
8711
12032
11173
14474
8020
8418
7845
90670
11131
9752
6903
12898
6832
9473
12518
104339
91549
8114
11071
9893
95985
86481
11406
102175
13219
11351
7732
7038
94802
7569
7398
80308
8821
10115
15577
10362
99944
12234
96967
12113
7569
91578
8294
16825
95300
7875
96782
6459
12022
13433
89493
9776
102608
193275
8616
7555
8581
92434
11396
10256
85525
95457
7712
87612
11112
100681
99811
10452
6827
7955
8927
9378
9220
89070
13066
9674
96823
86975
9569
89761
83800
6282
6750
9429
9814
98323
11640
8463
10610
10443
12454
91854
8406
7153
7264
92252
7314
74413
95219
92142
11712
8547
86946
7119
68780
92304
25442
202575
7270
21872
94747
92606
8009
7194
18356
81257
12545
19365
8831
12618
89960
8324
86717
12145
7411
9714
9354
11884
8509
92872
10168
88166
97859
10964
11062
103326
8018
7456
6049
89098
10373
7517
7426
7323
107939
8229
8016
9325
10761
13444
17627
90338
8568
10364
9094
10600
9620
6088
8027
8509
12280
103959
14863
96123
102084
11712
10994
10113
7253
91538
11107
100857
11426
7654
7730
10760
7216
13133
92221
8206
14820
12030
9653
96770
11683
10451
8568
96474
8998
96041
9225
10487
98666
9175
15038
7928
7120
89613
7442
88845
97467
97426
103490
11594
90642
8428
7786
6618
7283
87495
108799
91855
94257
100371
9611
91400
9086
92056
13707
96178
11651
100381
33708
94272
6856
6312
6879
97299
90928
97465
8230
96112
183356
94433
92250
12037
6787
6599
8035
8569
88564
99112
6624
9908
99117
97060
10068
9782
9232
6713
11899
87201
96195
9400
10691
91930
6668
12677
84924
95006
98780
7788
179189
8341
92958
94113
7197
7786
92013
6893
90734
9469
6973
97432
15605
7501
103595
8457
7398
12483
9981
12139
8168
87875
10053
105506
89128
102869
9937
6420
10968
92569
12440
99357
7707
8489
6985
93790
9256
89066
7765
87158
93013
85522
102120
92257
102490
7762
10554
90479
90739
91397
15619
10173
88937
82802
7073
18935
8938
96909
87010
96502
89314
69731
97542
92957
104366
8913
94204
89197
8236
94732
90675
10534
9934
9166
95558
8597
9435
8444
87324
85315
92729
96169
100906
9817
8930
8382
92400
8917
93552
104852
107242
93122
104540
12189
12020
10379
11091
92053
97613
11929
11919
8632
97000
11963
85863
89243
95900
10502
10733
7412
7250
91125
19817
89555
9853
96322
8541
97360
6631
90431
8504
7954
92408
93389
97146
85678
92334
9879
10078
10288
13040
90075
87488
90625
14941
14642
8785
10353
106278
89230
9479
91758
13966
7903
87141
9248
98659
9730
97372
90453
87695
17807
14201
9979
94650
99427
12259
7677
91039
91221
98832
7804
8894
7791
7305
96123
15627
79619
6686
15956
90262
85871
7601
100041
94735
7139
11004
10607
8187
20320
9091
8529
104608
19829
8510
8348
10451
95708
88054
91422
11939
92545
10600
7868
91253
8608
7495
99823
90721
99541
11859
9102
9121
10567
9972
91799
89116
102048
85735
95153
8284
13449
88917
7261
86659
7908
16385
11503
93164
99297
15188
14757
9089
107680
9664
19212
8796
12470
8430
8055
7800
8254
7923
7875
93058
9169
95071
9375
10393
7705
92127
89788
95258
9436
8966
83670
9049
11603
10509
8219
8514
84973
9307
9527
86727
8075
95217
91478
7234
7523
8461
13716
101466
11337
11471
6912
6811
8270
14715
13237
11210
8865
95558
9061
8827
7484
7916
100487
6998
98503
9173
6711
9197
6891
97537
93764
7589
89644
91164
8114
7945
92013
87585
8925
88633
10930
9493
90302
7837
7790
13912
92967
10320
96727
9525
10551
8135
96391
8255
8372
87153
95337
7910
10275
80673
14945
8780
8264
89344
7584
93327
9510
103550
9357
6810
6985
8268
8184
9697
7932
6905
94403
8716
8265
7100
91901
9275
9170
96931
98646
10116
9117
11938
7146
11717
19318
87824
83421
9340
93350
98255
11802
86725
94421
9234
9453
7083
10315
13414
10755
92198
7407
7025
8944
8634
9384
96090
8227
99602
98315
93598
10544
95522
97442
11577
92536
7430
6830
91371
89499
91171
100127
8526
11071
7530
8008
90787
6914
83113
11152
8372
8500
9687
96091
88104
103128
8510
7731
7594
10292
10659
11009
94389
92160
95102
11099
10669
90205
16297
97511
88217
87316
91717
92908
97226
7554
7670
94658
8527
9428
11564
6677
98144
13990
9317
10359
11070
10937
8629
101070
97558
9776
90491
7590
7588
9015
93114
13112
9816
95087
9534
10377
11459
12922
94772
7565
8345
91286
7466
6512
94263
94772
6929
7158
6935
7319
90415
91253
101422
7175
6992
9634
9928
87752
99357
88940
8414
7020
6826
7518
6818
100391
8478
92329
90360
7054
91358
88224
7228
8547
10390
89310
7954
7946
8911
90714
6562
96579
10074
6345
7777
8323
7903
88202
6724
7681
6826
94612
13967
7105
8796
9650
10681
7231
8015
7174
94674
84869
93519
96864
7368
9619
7670
7301
7767
90810
88846
11095
7479
10759
15653
10895
16025
9235
7983
14994
11157
14339
88252
7375
7202
6922
88281
9351
9064
17791
92156
7840
8755
92296
12922
7045
12424
88753
9658
94068
10206
7156
12843
93838
88597
98862
9695
92242
6883
7349
6987
7297
7296
90803
8008
15347
7413
8143
7301
7191
12896
7601
89515
87529
90586
92744
15889
10014
93258
87818
9485
7927
10104
8942
9202
7598
89077
11426
8112
86437
97514
78159
7732
8002
13579
8856
8259
93894
13971
9534
13707
7993
87006
92898
89428
10434
89082
8771
91758
90040
93834
94846
14479
90856
11844
8901
102965
94693
91705
6343
6119
6711
9031
7268
90649
8992
90449
7874
10298
12764
7630
6964
94463
8841
13850
98094
8066
10834
12093
9179
9131
8021
93710
6841
91112
90412
9101
93556
7306
7808
10569
7412
8238
11564
7969
89246
7108
14521
7786
7340
89748
10552
10349
7323
7997
7432
7069
94562
10242
9839
88195
105333
14000
8546
95412
9467
8418
10314
93894
8108
94036
9746
8263
8795
90015
8488
13111
7451
9788
97295
92103
8276
16942
9641
7904
93139
10234
10218
6346
7050
7664
93793
91898
94852
11252
12564
99291
20050
13177
89205
12809
91197
9566
99756
85923
17188
19614
11054
8353
96670
15614
92779
10220
98920
104474
10131
8952
7620
9901
97688
15327
10154
13252
8906
89096
93495
8569
96603
95007
12536
100625
93968
95616
10085
14738
11041
13898
101044
7733
14781
8949
7445
94361
52716
8415
90195
9429
91423
11006
91998
88851
91326
8166
7111
100639
6670
8482
12843
14214
12879
8585
7788
89798
7269
91134
7271
9803
88384
8598
8216
8265
95046
98138
7989
7433
10371
91584
99874
97285
10778
103372
9600
10028
9598
94231
90664
7126
10781
10067
11168
96146
98126
8224
85712
12379
13898
97610
8497
100268
8445
6750
100584
7563
95817
6477
8544
94485
94463
7629
92147
92452
11179
6641
7203
93565
10937
16339
86752
88509
11740
95254
88050
9081
8775
6312
91965
92826
8045
12878
95918
97052
10966
13256
97277
12336
89280
90397
99366
13036
13336
12102
12050
14550
13975
12380
90809
12581
13574
11851
14320
8167
9533
11205
96100
93958
192850
111148
95253
95239
51719
8835
11142
9964
8666
88538
11619
89392
11440
17720
8675
7859
93943
7858
11372
16786
95234
12018
99629
7761
94578
9025
9016
85914
7755
89710
90342
16880
9704
16256
10147
93030
10197
99950
8470
9348
6461
11446
11447
8748
97369
9072
10096
88968
91779
93484
16298
9001
88951
97300
7994
7816
94093
85392
7398
8421
6563
97433
95920
10336
85145
10380
9125
9581
92392
12018
14546
93227
101028
8293
103422
8174
91286
9278
95576
10192
7839
90611
15618
95054
93075
10674
97821
10202
7859
7481
9667
13675
94285
91316
6448
92474
15585
103827
92565
12688
92234
97025
12899
95701
8896
91357
96014
88558
13692
12317
97683
10979
93308
10058
9753
96997
88422
7402
90796
6865
8954
102136
11566
97122
9405
8274
8376
93978
91097
98051
96886
11409
10119
11656
93599
8596
90261
9877
18041
10145
9225
96308
11538
17315
8898
95485
94417
9581
13637
10780
10919
8305
8790
76545
93212
10473
12391
13242
93850
97403
16381
101310
95335
100388
13994
11742
85693
9825
11106
103861
94002
12822
11454
7359
92118
17285
9751
95361
9512
92871
13708
89718
10743
88125
11005
12258
9059
83948
93294
12042
11139
8879
94718
89463
10608
6991
8365
90550
10798
92154
92344
97870
95687
24643
8255
91664
10121
10655
9071
15480
99914
14024
7533
87503
10595
85871
92377
93053
8721
11009
9720
10871
95722
79256
8248
11372
10812
94185
19803
90824
90003
7829
13600
17318
14344
12929
8563
11011
9991
8928
92885
11163
11124
92286
99735
90576
87847
8926
7951
19107
8733
94317
88270
87615
97023
85251
90193
9407
95046
95474
11174
10382
7473
13252
88943
8975
11884
92838
10051
90143
8012
98056
95036
96467
11167
100256
11054
99495
92485
7578
94018
6937
8409
86409
8535
6386
90345
13997
93478
98196
10153
11547
13815
9494
8716
8939
6515
13538
10000
9271
9278
7896
7685
12116
10714
10336
7049
91352
94094
8267
79311
94860
94451
89027
82845
10345
8710
7391
96275
11193
6766
94062
88133
7175
98582
104229
8434
95926
9268
94658
9248
59746
8159
93004
102777
11526
8307
92447
10559
7047
94209
12240
8121
7530
91038
9423
57996
86362
100552
14216
12554
90947
93207
7818
94211
95364
95418
92488
10987
8320
12298
12123
87040
84734
80242
89384
93909
95782
10034
6513
7339
102089
186913
86168
93733
96426
92542
100061
8688
8634
97292
9762
91099
97394
9769
87655
8760
9808
96308
87080
7901
6768
7118
90298
8451
8637
7989
6790
9026
87347
14745
13432
7197
6895
10200
96043
7878
8345
94892
102621
87512
88780
7231
9321
93998
7258
11215
85052
12111
93283
96000
12140
10895
7552
90157
94901
8954
6786
6896
6953
10088
7790
6634
12935
8796
89056
97365
12461
85947
7244
91358
10940
97134
16391
86581
11982
13902
9136
14349
90365
93648
10255
98857
96827
91312
8498
95422
12149
10895
8562
8112
6742
99464
8613
93764
8452
7058
8780
11067
100355
95524
7531
93397
10211
7663
8299
7346
8576
7214
12474
93243
12326
85031
90706
8852
7383
15694
9121
94324
11183
8092
92479
9373
8661
7635
7771
9433
12595
9705
9938
90283
91012
95234
8129
95568
14498
12665
14071
13944
7674
93615
7111
99300
7441
10096
92266
20065
12207
13785
16901
15067
92638
90237
83805
83853
10017
8145
8768
97778
190181
79011
83869
8433
87605
7823
98756
10749
83765
14637
16002
10392
99518
12340
101919
77587
23076
7661
96997
10174
12376
10975
17580
10485
72689
106711
6880
87996
8289
95870
6003
107755
94297
87184
13455
90222
8377
88753
19897
10940
93452
92307
10659
12290
7046
6754
96029
96458
11274
27177
87578
8339
10844
100741
8742
7442
11701
54054
10105
8516
7440
12037
8512
7775
86136
91446
12082
13030
100829
96460
14242
7274
9387
11589
7345
7179
90750
88090
6843
12253
10050
6532
15475
89858
99160
91995
93985
10000
7914
6963
97399
9670
95487
8004
8115
7698
8411
93935
9033
15448
88616
10460
94060
11002
15730
7503
7500
7277
15781
8658
7086
94095
13460
7599
94441
10284
86601
6946
8672
9195
7303
89113
7301
10687
10019
8776
91944
10430
13151
7875
90738
94919
7126
108011
7655
12015
95679
8173
6667
8101
7415
18406
89465
89295
87372
7784
6728
11114
9068
8322
9463
8336
8757
90921
7852
14514
10451
7243
7281
7126
87395
8174
12551
106454
90674
93503
8549
102591
12367
8266
89167
10476
94423
97881
8772
9348
14291
94350
12960
9608
100831
16825
10481
9266
85232
99844
7908
98045
92514
98286
87554
91410
8762
7989
88013
100892
7423
8864
95581
8338
7426
8198
11078
7947
8289
15015
7549
7458
91313
90961
6893
106136
18193
7409
6352
91338
9017
95739
6858
99793
11470
7388
8730
94866
10672
7510
6561
85807
21331
99781
14519
96138
101482
95113
13332
10196
8016
97284
7814
89226
101741
50996
6831
94652
9704
95536
7650
89893
7504
7535
12986
15635
6464
7965
94075
95091
9908
7020
82223
9725
10917
10056
95695
6777
8464
87518
9539
89979
13014
9147
12379
10601
97851
88631
8949
8395
10127
14652
14953
88716
91861
13625
96505
99511
8467
8686
94059
88222
96066
7395
86523
7386
7256
92422
11906
9742
86918
8341
89813
97505
90888
8250
8261
20307
91442
92378
8239
9727
6926
16003
10620
85063
90837
12638
10760
7978
9802
92987
7393
9191
99045
98054
103586
100838
13482
8446
91329
11394
10156
7266
9273
86982
90694
7703
97673
7432
9168
102193
10400
7980
97590
77192
95634
10036
11882
12590
11107
10391
9415
10616
18691
89022
10328
94477
11718
100406
8845
8253
85253
7774
6912
8102
8950
8168
89957
11150
10520
8256
89916
9572
92497
11782
7295
93173
9824
12898
93633
76958
97291
90093
89217
10339
92943
90651
7076
11033
15208
16134
9352
92568
14250
9602
7307
89439
8385
6967
88287
8043
100191
102501
9730
99356
7943
92020
12887
89555
6548
9300
14418
10393
89357
18095
10015
86485
89691
90943
11272
9116
11796
88868
11113
9751
94551
88791
9540
9482
6863
7351
97061
96401
100386
8864
7202
7288
93369
7339
9767
98041
11792
10986
100049
18842
7544
7813
101103
96765
12571
7858
14595
85718
11596
85681
93706
95469
90040
93744
85040
7633
96367
100426
11166
7324
6779
6703
97441
82955
95572
101223
11191
7480
90367
99340
87632
90874
86006
93473
10545
11530
92678
6730
92141
7204
91422
91071
12935
9942
91585
6150
9572
20666
9671
102216
13031
92872
9593
92499
92049
11824
82923
8656
11997
13275
17841
9897
8362
92946
10611
6692
11689
11838
84353
100569
10376
10267
97344
7069
99048
11179
96640
12674
91270
10344
8017
93160
9094
92096
7094
6167
7863
12552
14397
92174
88715
10304
89456
93512
95469
7591
8846
8051
8583
6670
8344
90653
9781
13062
7748
94962
85453
92364
14652
8220
10282
7410
9278
9994
96249
103231
10803
90386
91457
89834
9708
10752
13530
93535
15873
94707
10492
8106
95084
15867
7943
96840
8988
99328
9408
15081
92058
9048
92133
92057
96443
92255
92025
88902
14339
11823
93395
91620
8611
10605
100759
101457
8393
9741
7999
7409
86677
8519
8965
10588
7291
6653
11750
98729
97051
9808
12350
7325
92476
98473
7007
8949
91228
108518
98240
10001
93237
7194
9054
92349
10807
10452
10807
92574
82918
12514
93872
7492
7168
9278
6842
8267
9418
12069
94675
9811
9989
95513
12281
14029
8635
90665
90273
10241
12229
85387
9042
12054
10781
14265
6920
16401
9237
86244
6688
10230
96092
100373
15375
10195
7141
8377
8275
91109
93494
97991
9655
95078
98102
89947
13732
95086
10756
110337
11023
96223
97296
13276
97941
10042
94592
7281
101301
107282
95002
7339
83326
11321
97227
8146
12504
12370
13494
9008
91771
22605
94767
94073
16422
9082
8181
10583
8218
7002
6361
8963
10212
12272
96757
91789
8821
90456
12502
9342
8420
80690
9776
16597
93943
9062
94661
97514
14309
10716
93942
12649
6775
7112
90794
10910
87776
97838
15029
9307
8483
90562
10341
7688
92704
8050
6472
6255
9723
100380
9220
7166
7517
96732
7590
12099
97811
7380
9112
10899
98154
8932
98707
89065
88403
100803
94885
11997
10754
96897
11022
8014
96042
10813
7906
6294
9063
8003
9250
9132
6604
9419
85943
107124
8204
12160
7498
14944
11445
89387
97867
8034
92825
11897
9229
94159
93880
10204
10289
12301
8572
91070
93366
11960
7275
11691
8217
8139
7828
9246
95528
8956
6712
8296
86956
8969
7530
95115
8611
7811
9348
9276
9161
97111
91772
92995
93618
40333
93492
95731
27542
93127
94524
92102
101729
91231
9502
89826
97795
12527
13339
13184
10360
90099
89319
15182
91248
86911
10506
8573
7769
7644
87224
6569
7745
86067
114954
91200
9668
9753
14622
7788
100323
7805
16020
13124
6101
12332
9823
95013
10074
91803
92544
92786
9067
102615
12274
7590
93672
7985
8432
107712
9816
97631
10216
10942
98103
94038
86079
13586
11489
96479
14180
9385
98128
94885
90266
90030
12854
94320
21728
10943
92810
88270
94092
10134
8357
86886
9900
8534
109522
8080
90917
13154
83033
104117
7701
13459
96709
92170
90752
6465
16683
9210
7483
16314
10127
96206
97718
9969
10830
9043
12341
106893
8578
9239
10297
90386
9524
7683
8880
10364
11729
11273
9650
11022
6862
89500
12534
94834
91150
11363
97968
98131
95842
6954
7388
7712
8803
7221
86865
7345
6891
83693
10650
93861
91451
8798
9030
11255
8807
7702
92101
13487
8204
18922
91626
74234
76685
90290
13298
82817
10485
91089
7913
98105
7709
9324
91459
9914
90503
97060
10448
86511
9952
96033
91693
13176
8611
96405
100132
7397
7866
10849
8464
9831
93736
7421
94602
8847
15018
99050
8023
88169
7516
8593
9093
96602
95976
7844
10259
7320
92813
7076
102669
11017
83827
103136
14910
10127
7567
87978
7969
86529
95750
10018
90387
8812
97612
96282
84570
13129
96954
11048
87479
15240
95457
8756
91834
7419
9327
9593
9845
6982
10497
98997
10593
102623
12553
8204
11875
98629
11699
98782
88695
97087
82551
90841
91703
91525
112619
12520
94082
97422
125359
99592
11772
12216
10461
8585
90336
8678
90498
8736
90988
6130
8904
13993
11690
9775
19593
14176
88512
7763
96175
13787
13134
7482
10337
8091
7117
10851
97041
89673
87120
11680
7608
93204
97753
6735
8050
90164
9428
93931
10171
98582
101962
7274
7488
11539
8402
7993
103248
7272
88725
95232
11510
14093
8157
7731
8776
6784
18420
91281
88920
7904
8060
7409
6667
93680
6596
6810
10311
9111
13187
10671
87523
7933
8191
9120
8694
14715
88287
10675
101882
91264
6425
10027
6846
6708
10514
10223
91130
88640
10611
7756
9732
11024
92705
9713
6727
11154
12548
6816
7992
9463
9940
88855
14838
94033
12751
102402
86780
96787
87818
86030
11836
7129
106806
9688
91405
9009
7436
8230
95028
91071
8631
91051
89389
83384
95648
12039
13251
8338
9742
19565
96182
98810
7104
83758
8620
90558
101538
12396
8893
9430
8544
6234
10907
7115
13545
8384
91217
8066
7499
17946
7363
8669
10912
92196
10890
92943
7437
6505
87701
9793
89594
86752
12312
16733
7488
96170
7949
21541
8931
7995
7305
98086
9313
6669
7239
10005
13710
9915
86545
7956
89145
98349
92667
7491
14118
6999
8683
7965
6652
11609
96871
14694
93539
92813
9521
86078
92995
7742
90480
9500
7853
7374
8776
100587
12650
87077
88776
8015
104894
8780
9735
12277
20102
107310
101288
11278
97466
9411
106059
90344
85969
12340
11339
96085
87599
12149
7829
91262
91674
8540
107629
98896
89262
91101
93160
14331
99005
89504
8633
85663
11109
6778
10459
7988
8673
8203
87815
9572
9910
9302
8415
11665
7047
9245
12699
102615
95177
14865
93232
6373
8620
7239
10258
96651
11061
97135
87024
8605
80644
10245
91892
89690
22870
6414
12948
84007
13653
11818
16953
8822
87257
7445
89520
15150
14098
93746
10105
98787
13764
10041
7532
84326
11693
9398
9682
7478
7899
7357
8833
13899
8421
7616
10956
9158
14611
8752
10513
8752
95808
95744
13038
9865
98318
6987
9338
90528
90721
8518
89995
9207
89023
8550
8500
10151
10252
10884
91641
103168
90412
9748
14780
12210
89224
98642
12183
14552
13795
97588
98557
9476
10874
90285
92123
7142
10534
11375
9610
11743
12054
9478
84825
14313
93798
90832
86757
82295
6978
10708
9556
94730
91873
7732
89723
7811
98115
6441
104768
9406
8455
90140
92688
88936
9524
9282
10909
94625
95137
17638
94179
89028
14215
10898
92673
7144
11969
10465
77181
98652
97564
13502
9504
9520
88915
97543
8921
10519
92206
91606
90921
12550
84676
9980
90377
87494
91924
13013
93050
88168
61737
94676
12015
89718
8995
7314
9260
7301
9580
7955
95010
88606
9309
100512
87749
92964
94978
19814
99528
9287
13215
7092
10422
92217
87536
95614
11221
8832
12965
18111
97094
96742
8298
86867
85057
93842
12344
9888
90585
17322
8500
9211
8124
91758
10400
93221
96464
9631
10322
101814
10552
11732
95828
101886
10789
7528
104563
9599
13567
97253
95174
94443
22765
10394
94051
9420
8043
93095
14418
10037
88244
100053
83954
15024
9654
10933
7167
10883
87710
90293
93857
96695
92936
86068
10155
87664
9347
9448
6851
95146
7715
9343
7362
6957
11084
89088
8712
8873
91770
93826
94172
8831
9440
8760
8025
88738
93054
8379
11013
8184
8488
10419
90612
7243
7185
8322
99082
98424
7219
9335
11272
12255
86687
88265
95873
102664
98777
9639
12322
14773
8220
7772
7558
7525
93748
9910
9187
96126
9791
91524
7964
12236
100014
10945
16244
9744
8806
12955
94144
8619
98945
10121
8068
96542
89570
8978
12525
7642
11647
90837
9028
9406
11696
14107
8119
10007
11156
10260
11310
12178
12267
94552
11228
10214
17551
9891
91589
91636
13401
11312
86988
14267
90565
8625
8991
11447
8889
11174
10316
54731
16353
7318
99835
9648
101233
88203
8755
97676
8541
7460
95219
6958
8987
8471
100649
8052
20093
8782
88567
8206
9377
11507
95423
91013
97997
103850
74074
10988
90614
101328
8491
85003
89854
7701
7103
6888
11239
9989
103350
10382
10114
13255
94308
85441
92420
93727
7896
91194
8036
7209
7836
93799
88760
10184
9687
7572
7092
89916
8369
95672
16949
11827
6510
8493
99242
9396
15292
94295
8678
97788
9551
9013
8313
7662
91312
7596
88655
93832
8975
7838
8386
8267
12660
91703
90621
89148
6655
6620
8411
18748
94771
95706
9042
8983
95809
8226
91253
101366
95394
92775
98421
7231
96928
7677
93711
88427
12661
6598
7963
8058
6905
99289
10064
10823
10093
7209
8668
8393
8541
7642
9127
84213
8587
10735
10678
96636
7138
100960
10397
12061
7217
7654
7380
93650
8490
6236
7621
6579
14505
90703
11638
17071
10142
11711
94608
7692
9204
7664
91312
9721
7257
7473
8082
92110
93680
92617
91365
87960
7883
7094
8110
92068
88297
12981
6923
13139
8760
7177
93613
97871
10675
90655
11899
7754
8452
95501
9017
7283
7052
7723
8721
88549
9667
8643
10225
10162
8729
94099
9484
7415
8068
8877
7281
8439
11527
95062
104545
7985
6451
91902
9927
9575
8601
92064
6708
8456
11064
12996
9320
14604
6956
10229
8833
8193
91181
11300
102059
9709
10349
99714
95105
7788
8251
7067
7694
92657
8611
8592
88970
91875
7732
9541
7340
8628
89949
7367
13733
98920
9912
89677
8094
5592
8959
91638
77378
89930
9639
14611
99695
11238
90494
7266
6574
92495
92263
8766
95815
15327
84193
10487
11036
9361
16513
9296
92349
8772
7888
8002
6734
6780
95991
6654
6947
9660
6379
7526
7205
8187
6884
102040
88470
11009
94977
97919
90275
86497
9907
9045
7535
88867
11123
107867
8217
6592
17528
9926
90623
84432
8889
7906
92556
15481
91666
10124
13182
91064
8192
7413
91093
90980
90040
7562
90998
6469
13445
6678
87287
96133
12459
7979
15266
95050
91637
7802
10168
7549
89602
7571
91836
14923
12429
15909
11445
94004
99404
8506
13399
6920
6803
6938
6859
88430
94452
87128
91245
94695
9677
95355
7861
7326
8027
7254
7563
7064
7632
6081
89545
89497
6750
7036
7098
9293
94204
9445
9429
94291
10195
11889
94355
7638
94366
8786
9796
10458
9201
8685
85703
7150
7507
8535
7200
91564
7020
91277
92338
102478
9701
15649
7881
11168
95260
7951
7478
87247
94058
100343
8756
10232
92828
7703
89107
6612
98333
99960
102511
11933
10246
96511
12077
8904
10721
9143
99033
9202
92971
99733
8118
96487
10757
98467
87505
7550
9660
94362
95693
8294
8853
97596
8396
95851
9287
88177
90625
10680
9649
8890
9545
7954
98805
97155
14662
16730
95417
99243
12610
95576
8949
8011
94194
8691
8514
10103
10452
10678
14364
7123
12422
7037
8112
94395
92610
98429
9607
89556
7871
7482
84913
8008
12172
6830
15751
100343
7732
8187
92861
92385
95956
92197
87841
9397
95974
87021
6978
8771
90442
7253
90215
14342
10806
8377
12074
12117
8164
94618
90678
93694
10247
7925
11255
8055
82001
91311
98042
8798
100474
10345
12790
8621
96578
108883
95478
8737
7949
94595
11002
6698
83256
6973
99154
95068
87093
10111
8349
9834
96223
95239
80554
9616
9031
81960
7600
87598
92815
9004
9391
12498
8367
89714
14184
6278
7487
95408
14474
10735
7524
92878
7606
7643
7639
10525
96652
10185
6718
100445
10325
92569
7435
8282
86450
8865
9170
14046
106061
7205
7341
91436
12561
7954
8666
8443
9615
8496
8984
7615
11270
7190
8336
6799
8665
8130
10458
86774
99507
12013
94920
93743
7793
19200
7661
7683
90590
10744
9563
95715
14436
84032
7976
7630
87745
7160
6472
88721
7291
6945
90778
82923
7685
10275
95243
10729
11928
9870
11811
90541
85560
10412
89146
84519
8005
13339
97469
6780
88113
6641
98901
102834
7637
6723
10768
105199
8980
93514
99801
9407
7002
7745
8917
16309
98468
86300
7557
8337
7166
99362
94156
12031
96365
8965
98173
87684
6911
9617
11952
10273
9064
107531
7246
8642
92859
89014
92866
102510
8873
9375
10492
98774
7751
8965
14503
89034
94057
10478
7937
9027
93429
8170
89537
88111
12948
93948
7691
6922
88357
9132
90161
95847
8463
88648
8443
89426
9328
8105
9312
9069
18003
8881
14020
7960
7512
8698
8016
8035
91989
210117
489943
299390
363384
87411
91311
10623
8453
7366
8128
11999
8558
10193
96777
94199
86579
80260
8230
95855
7929
9310
8474
7153
87041
87331
7135
90664
8350
9732
9054
7391
9881
7883
96922
85958
12334
9890
11792
11130
11801
7391
7701
88679
11313
93314
8406
8135
10959
8992
93653
7861
8048
100111
9881
94488
97134
97670
8144
7740
96528
7754
85109
88760
7901
9426
10738
98703
99862
11713
88864
15760
8232
10236
7304
91244
7599
91537
93475
12689
8770
90595
7840
9903
84181
7618
92703
20005
9693
6818
7111
8272
8759
9640
9840
7540
12204
7674
90535
7716
15426
13143
14855
11810
92349
7490
11861
8577
93027
9140
12863
13132
100198
9525
95962
7218
99580
8348
8067
8829
8111
87873
96898
94899
88046
8965
13369
8192
9460
9808
92659
12266
10361
96327
91781
12900
11901
9001
7115
6822
7494
8580
91368
89007
74900
18268
10211
10756
7690
13133
90431
90839
84120
104446
12064
11033
9097
7885
86936
87228
99257
8916
101873
113168
13443
95306
377401
353214
359873
269899
11505
12599
168295
93761
10041
8596
88675
9072
83875
94011
92135
93120
13236
85207
95390
100863
10878
11451
93906
29455
10582
11116
92434
95491
96780
10345
13390
102036
17255
92186
9666
11373
300385
9763
87884
78238
94187
68604
92808
15308
12646
7635
94102
92888
88961
9370
12040
99405
9075
8100
7541
15825
86203
93395
14290
8974
15527
10196
13716
87985
93507
71201
11513
8952
8116
8506
89429
12632
7843
97065
10144
7970
94126
91644
80928
87633
92072
13309
100421
18427
92527
16336
14096
9898
13352
89908
84403
91000
9490
89749
11762
7888
7725
7491
96949
11645
91918
9096
181468
84598
98702
10953
90897
102885
11121
8363
92651
10567
83356
98451
15587
99285
13060
120318
11695
9340
11104
8654
94811
13362
9768
95276
11644
8184
87186
95040
96533
12228
9400
11960
91417
93892
94656
9298
11498
11846
9361
87488
8539
7869
91814
7529
7799
185917
9069
13900
91713
8556
90332
77360
89528
91810
93073
8609
14028
86803
7924
97500
10057
9021
97844
85509
140985
10100
89011
12724
96069
7306
92223
92033
90893
86371
84339
96133
13109
9792
85764
93823
7150
9223
92837
7646
188778
104123
13744
88866
12283
7642
22238
7641
102091
184939
12737
94224
91408
87787
12256
10119
10840
99776
17518
96712
17084
10419
90240
92832
89688
7915
8419
94707
91600
93406
90574
93038
102017
14295
10679
10941
93778
7353
8534
95212
95558
100007
17521
8512
16704
101391
89120
89808
94269
14197
86506
87613
9976
8688
94498
7985
89653
99917
99237
91713
15955
15126
17433
14311
7231
10959
97354
10803
90672
9580
11844
90765
92678
91012
7753
7234
88810
89147
91974
93610
98544
101694
9319
92102
7794
91600
100730
88372
8930
8001
93259
9705
96700
9783
11620
10188
7628
7798
90763
83771
6760
88015
7355
8265
7326
90545
8845
91481
98845
7792
8647
17228
7733
92718
10648
90625
10515
87593
95262
91286
10222
8517
8180
7112
89613
9282
10732
14814
8949
88468
9964
10976
11994
11542
86267
8597
9125
96478
7590
9747
95243
11065
10102
11281
8845
9693
98195
9205
8169
9929
99024
92634
8337
7362
9578
99015
103285
11728
9727
8871
11733
86082
8189
11549
18546
12965
90244
98810
83236
86086
13026
14506
9323
11461
94061
88991
12436
8140
7863
96108
90305
10162
21988
102149
11301
103604
10948
89637
89721
9701
7417
10149
8232
13088
10846
91125
8259
8420
13016
100571
8757
90351
8320
96142
87245
9347
94055
94150
92430
86978
8184
94266
85773
16871
12827
96101
89799
9203
10835
85894
9090
93934
91090
11151
10349
88824
10039
95649
10173
86910
12506
88186
93126
14254
89676
95133
92504
91628
88666
6983
91943
92706
13123
93036
19579
85288
99322
92269
10159
28770
91687
9774
8514
92545
7445
10548
10457
96137
15024
8180
7874
9830
95855
11582
31004
92539
11894
91425
90384
8443
93149
9177
15737
13550
90454
9235
99384
92705
14193
90565
8518
90172
7500
95849
90074
16664
90228
7450
9977
16233
9978
67159
16031
7971
12118
19753
97043
9651
95058
99751
15339
10572
9254
88135
95907
9498
10239
93276
92533
95600
7649
8804
11553
92022
7657
106000
90889
88635
7601
87161
93136
8570
9863
91551
11503
103614
9036
9512
7639
90419
8817
8264
11250
9732
85818
96972
90138
12340
12693
87744
90805
8052
13823
94805
87999
17271
95845
10295
10520
90704
91993
10214
15923
104923
85853
92524
14382
15798
100445
94417
16639
90588
93735
9901
9280
90417
7471
8552
92243
92132
13479
95221
87331
20405
23455
94780
98425
13218
83770
94788
90325
89734
8996
16404
8106
98334
182831
93132
7366
7785
88703
10246
8694
12087
183002
104621
95245
10027
94101
81891
7740
8307
92302
9020
89375
13988
10109
14661
12337
91535
12173
86740
13193
7139
91070
101760
11699
14835
9209
11300
9316
87410
7542
102202
94018
10978
91247
91304
10503
92693
11111
101163
89234
99629
12759
8958
91546
7268
97575
12870
14484
94370
10470
8004
99614
8671
8076
13994
9599
86810
90694
10161
9875
10955
15629
10419
10574
90595
92836
95487
7407
10426
87104
7087
94777
11791
88747
187561
94167
12549
10432
8818
92670
12440
8516
91621
102867
11624
8782
9296
7165
12202
7602
93663
11573
82799
87600
86577
10787
10297
91743
12322
92003
94660
8243
8534
17095
13683
9837
11773
11226
7882
15861
11682
88858
8739
10702
10820
12096
8883
85619
11770
9658
13926
91303
8880
10275
10019
8904
13404
11018
14756
84509
9519
11621
13822
92029
16294
95707
9843
93864
90960
8499
94213
9262
9511
85855
9295
10821
9182
12805
11304
12198
9329
8736
88368
88215
92863
9138
8849
89315
8289
8187
94394
9215
9771
8683
9398
88904
8678
91499
82603
95166
7676
7372
95671
11807
10899
92950
9727
90654
101117
98519
94851
94538
96928
7453
7508
7361
89834
94852
10785
9514
96146
89383
96378
94432
11264
90448
14036
17245
95920
10735
10147
8862
9258
91659
10071
6401
94463
11247
11679
96390
96661
87715
8877
6899
92570
8761
11758
7346
104717
13318
88374
92225
12458
89057
10885
8935
11523
11397
99601
92778
15924
11248
93003
85946
94660
95618
81723
90294
89137
8398
98046
9273
13229
13596
10028
9255
94548
88817
91679
86655
90646
89133
9826
88948
94955
15425
89042
10607
92554
10001
93265
11800
8563
87194
91637
12221
96963
8734
8948
88750
9048
12008
10750
7957
8742
8082
9238
13639
94988
10153
92924
93630
100255
7535
93547
7477
9620
8772
9654
100099
8028
8939
8864
89105
10291
94389
88760
12067
89838
93759
9460
10495
7982
8454
14516
8233
9349
12097
93421
92028
89891
94818
87730
95903
7537
90616
93209
11378
9072
8725
9129
10316
93055
8080
92439
96033
12625
89665
16201
8319
9707
91451
10280
91633
97466
11957
8599
89314
12276
91274
7840
9371
8151
8860
95876
11593
11149
10194
91261
8882
9964
9326
96864
96513
89174
8751
8016
8867
8256
9480
7262
98318
95585
88901
87801
94217
97061
94382
89933
12804
95853
9648
7846
88769
88725
95449
9282
9022
9907
93071
9839
8682
92464
7849
91260
8171
8628
8054
99593
12624
9474
95837
8624
8497
7919
7136
91711
12021
9655
7627
92696
9181
8216
95493
8822
8114
88293
94308
105447
9588
12497
86149
88206
95809
17623
9784
92754
8372
89244
101278
89800
12826
14407
90233
100701
94052
99532
15413
104495
8574
94463
9247
7514
93037
88433
91235
8551
14596
16904
90824
87891
97341
93077
86335
10146
9464
94349
12034
7872
8841
8885
12538
9353
9106
7952
11942
9564
8198
8181
89058
11834
9254
92979
97262
10833
9623
9328
9493
10072
19266
91771
55093
95217
84072
90856
10328
85854
10093
14352
16704
11563
15503
98103
8088
95147
8749
90717
7152
15709
90644
11493
97096
9652
93716
94116
11474
96348
11636
95266
9845
92508
7719
10375
12157
8210
91114
89982
6262
13248
8722
7374
95664
13069
14271
106454
7428
87560
8547
7451
8095
8192
92442
87951
89693
92819
99548
106261
7972
87984
98259
78610
90789
8412
6801
9252
8647
8793
9250
85296
9036
97393
10764
95192
8730
87394
90914
8592
90626
89106
8552
9026
9214
84708
7795
8275
8693
8132
9230
93431
94382
13451
90076
91611
9598
87184
8723
88009
9538
87681
12563
9362
88674
11070
10548
90281
9345
90217
78679
89766
10727
8515
93176
9988
11828
11040
8314
98348
13026
13102
96586
88876
83875
10939
81268
8905
11998
8135
96434
9883
91418
9813
10403
85687
94471
87476
8035
8611
95265
11281
96659
87444
11441
100520
10140
11044
8870
8182
95396
102734
9146
8616
8995
91332
90356
93677
90234
96724
99170
97897
8473
8844
76641
9204
11081
8931
8143
10145
9088
8884
8546
8872
93165
94906
11266
11185
7335
8401
7425
93201
7324
8541
95323
97125
85836
8495
86931
9357
98869
7831
8414
94979
96359
8388
9287
8445
9917
7072
92320
11099
9290
9470
6814
9643
89337
90112
93118
91578
90470
91487
91977
9406
8261
8876
7932
93175
9374
96744
9194
8684
8786
91715
96545
90420
98185
99842
7614
98051
104266
9671
8202
7508
7692
7399
12596
10402
9933
7980
91809
7928
9589
9617
87742
94978
88636
95365
97469
8608
7272
93756
7511
89598
7909
10466
8028
9335
89527
87575
6962
10047
10178
90243
93219
9330
10576
8085
8843
8173
92415
94519
91747
94199
10758
9489
8376
87431
7930
89439
8405
9164
11560
107979
8386
9260
9117
8779
8016
95685
93111
91780
91218
8606
10530
87635
7043
100864
8806
11884
9405
93501
94408
92218
